56.81151247240274
140.86546368479316
61.06567351440981
55.5925945279933
14.061622195680968
6.786038421913133
-20.80615691304149
-8.150162660417664
-1.7473522316425374
7.846757924595465
-8.954952441398063
7.157585798149512
80.3324311058538
-7.101672293439776
14.811324689020637
11.912667854664846
-5.769671025361276
5.739441672709347
-3.558792873925654
-2.924174755148613
4.925760074137997
3.560778230221331
-11.663552704808808
-8.859831025041728
-0.5289669757507909
2.0079513608843627
8.675572341530255
-1.8274211891995833
6.7247616784655975
16.03197465124134
80.37267560919992
5.291842962190628
5.91664803572769
42.55535291447018
15.21364881901519
1.8734967948522012
81.28195864920656
4.797146400630595
2.7951184821249626
2.6702806144528495
-5.648298249408185
6.973746886330844
20.726309687448406
-4.485171357492902
-14.495294963706442
4.278165532528021
8.292804144376191
84.20992301561859
-6.401657467760742
-6.564617890935494
8.512566703558264
1.935597191526142
-1.8021696510849665
15.627176841160065
10.436920377269189
5.052696103739208
15.082041137558122
-7.187027803654928
-1.2697852792944673
78.94922226459192
4.543191226049544
-3.9191241905385255
3.2611716560952573
-9.591495099942904
-15.77228207878727
8.106055604112157
7.013852112199629
3.500929938064928
11.211337251353939
9.168587000460775
-11.119027492631687
2.8743839140224168
-8.862596119325985
-18.297485495990088
-5.333266668796682
-1.05150712153619
75.99489009345837
7.944143515275982
-7.780927077593901
15.009745962599197
2.6306319601278005
10.252506267855551
82.82836059118449
5.210721192222934
-38.527267070400114
-1.8533232573070677
-6.165126401931047
-9.408673301878537
36.51731662121182
4.396050397885631
-0.04730781383005933
-9.890859663286108
-8.386486412385807
4.757652360334703
13.145401729351192
9.653754371356854
-6.330296049476999
5.789915873948303
6.244870774583433
-0.7094296467470258
14.093204956950501
6.298133490656937
31.032003677222065
0.5230536166253046
-9.948893158382361
-6.33729668528963
7.515582349167175
12.287269288913876
11.015606772893761
-6.967065409752763
-8.9863640423103
-6.148658497782662
-0.5197022021174575
2.764025469098101
-9.019554785191758
14.756119633276114
-0.2537325538137907
5.2205863918138675
11.414181633714861
4.311966715608946
2.2033947531764397
-0.34807558040876074
12.229065964159645
-2.5236087277976367
-5.241068720473777
0.08027495578085109
8.400519963783836
4.1821084719931605
4.399536046666242
4.493211087360976
13.662556171552865
3.943091258881111
15.225566064395707
6.245865320425537
5.918976025131656
9.389446875789986
3.4340210057631566
-5.463312091314833
-2.720844337547419
4.5573731384789085
-8.134823471804168
10.030602758440523
-5.5648601275303236
5.725144798849556
-6.00754321890355
4.161180485879868
10.960184045026836
1.9223103352776434
-59.52338471804859
12.804074108191799
2.3303369979763033
-5.605697262223657
0.0763392880299989
4.189618154113589
-10.049921641503715
-6.7707142800778115
6.273659610571826
5.09700448805205
4.489431558229967
-4.4630067982690775
4.959590805445032
13.843273880881156
-8.386151882741899
12.979889877906203
3.5929342411734524
2.432888181758699
1.8286788282779298
-5.898910629479872
5.312111830997424
3.0394740511127907
4.294519826186217
-1.4944518773880304
-1.3871351670892977
18.961666320304857
4.530410266024603
5.81126120675367
0.047230603673256155
-3.344778044957252
1.3095082737446546
5.418521443801808
0.8059827649894942
-1.040639434576633
-0.25565113719346755
-0.14873976535727707
-4.1413405092499715
2.43228167644196
-16.502176100070642
-3.1850789479151445
-25.942843783259775
1.128842088489364
15.290815631667783
6.172764452255535
15.087096919236046
-10.660333210358658
-10.605368159184081
6.824114314626456
23.02947539709038
-1.1834600948300817
1.9820171211853221
-3.5464588782401734
6.076107872339776
-8.645636284000602
12.098133906608382
5.657230924208818
8.962315081449276
-7.706684954424588
-13.628602724189818
-9.440766029150723
-10.347479119831121
-9.697388771812825
-0.29393469612330136
-4.368659933782396
14.089803071336007
7.1684188373324105
-14.702062519804713
-6.268643098060693
8.123647358630024
-7.166143656645431
-14.33002468932682
4.95082193900862
-4.58867590082707
2.6731513958176265
-8.614058377440301
0.9459035847465884
0.18195447895942607
-16.05022111180682
-0.7673729564207861
8.9545877844767
-11.200982700510792
8.064025087684513
-2.057918558266408
6.115469282194226
9.303129374735988
0.6021264874613053
-3.1123312802329792
3.2079393652908834
-4.321435344522399
-0.7639220439152155
6.807749995926315
11.905716940703996
4.7281408885205565
-2.502507909228598
5.083299930704129
8.039598365166682
-0.16082394201418992
15.496222742818134
-3.317042508266013
3.4968066453633355
1.7198040920476387
4.1538559985175425
0.43585578046241835
-1.0523675132301378
-7.1049623701256905
8.84470230825093
4.264036035041158
-5.707982342907712
6.723702230924516
0.8670044295698176
8.79837275292141
-19.453694038168692
23.664957515574883
141.11821620429646
80.10792305676227
-8.23802739015241
-8.235062837750093
-8.22187610068761
-5.729518854862306
-19.671527522424242
-13.229705411379882
-10.446498912493837
-7.893916398777947
13.411196711522393
-9.972523530871456
1.8937161188856635
-13.538275111279972
-8.690068877262547
-0.48740994263511084
11.178188464773541
12.017274385763983
-1.7508094406532564
7.163220691566153
-11.18877945248363
12.274389865057628
-12.035657828094202
98.9971033236348
-8.17755214048293
-8.466631518857355
-6.464430314071421
3.32737372269213
14.57437174681985
-8.350916333052226
5.338805741386636
-7.589753124409583
-2.393608972916354
5.670797603193364
-6.3196492527561645
-1.65857904807541
1.6342260759269038
-1.2491894846192508
-0.6609814119482849
19.536048229181006
-9.977005286417864
-6.693710542904967
10.609613712526652
5.842725952805722
2.709386395439651
2.317508500226836
-2.357089063227818
4.12127894080686
-15.79133749816225
7.918068837813053
-5.8122051843805025
20.939429781740614
8.02341498123917
14.677816561232248
5.6594172560648985
-9.805534884050644
4.193497638962924
-5.698423895779399
-0.006194295346404033
-14.03485429488262
3.333956302150682
263.5016136391933
-20.524960803570934
-15.092546319323105
-41.07491267168638
-33.639659335925955
-19.033902809668803
0.416584814321709
3.4570291313221446
2.695699099364674
4.453261256652809
12.191648115071644
6.108560517028764
-8.840225879445654
-5.65040798870001
-7.399719506523411
11.640942640994467
-11.741736330674428
-10.12132046151703
-8.268568789239339
2.335502936096759
12.331740869077862
0.4165182411036312
-15.505502298437364
-15.696947645615296
8.679235913384844
1.4140079313846172
-2.4038354774136224
78.04400699665905
-2.0847497564687956
7.3244228319896365
-8.788573670496362
6.485279519215169
0.0499507092724798
6.920091075008031
3.7827758208591717
5.259797308531688
-7.727892549870091
7.531235481047929
-6.425813214600566
4.150714596093792
124.32363187377831
115.1910072886937
77.247051476541
109.65299033561382
63.962266468547
261.57194545824586
73.73365696922963
73.32431178218667
85.99679084453658
74.75372993823419
155.98260636609882
113.12240006189074
-55.319596024909515
82.31193062200339
64.63197755351393
65.9060415342019
87.64374885233156
119.01914992352891
157.81588058180262
259.44604514216076
60.097257059006324
79.82139700519764
73.85114473880049
123.22839590834792
50.81688927155062
-4.836659302872135
1.0790918715381395
78.42609047188745
-69.06296951099432
-4.622763008865036
1.5615510285722394
42.68124911001121
-5.369145118227607
27.87539447561369
-40.92390732463713
-29.552873010485882
5.135167453144504
33.07755598267579
21.023492232611716
11.899369949043603
21.39893326300819
-35.83147622528702
38.99007296840563
0.08171801987214167
15.329689073854865
23.089047734673045
44.02187980688694
-3.2120067477518432
-18.052616247225956
45.80414419359465
-33.22917657177851
0.19506893309795714
-10.673216194569136
7.639732691347945
45.720951144002754
83.40723409173575
108.72801620867034
4.599402077264983
40.986189092421114
74.6667679115136
90.94310574519375
76.09162361382835
35.85545570175327
39.475348418128874
34.43495399146184
66.10760719135567
85.38554503202124
-18.44824657037219
-70.9495271671995
22.111590894909
11.50535697848386
5.550371713253924
81.44735448397495
-123.99427158304456
47.35385231829565
-23.58615546292242
22.611528483286577
-1.446699072370734
-20.5620875571866
-42.652079132129074
62.37740560041004
-34.29899199062805
65.61910811885366
60.50687721179935
176.37557808225483
-51.385798830420015
-51.50265263502922
-69.07040545113261
28.37993164895761
72.85911860312581
163.04400273201884
184.8826775865025
191.1983178957542
50.92334055586025
23.37309606252927
-12.127984985943044
19.01985420021549
70.76247506496117
-82.11712397245878
7.460030969262107
29.64968016208894
-20.864303898194066
7.227160843484853
137.23666235657168
120.03629138054606
55.78590324966808
57.298871954579056
95.61690081647424
-22.18067720030308
-4.320075146101544
-20.396714221450623
-33.43717876898245
-32.50559171122802
-45.38858277081334
-8.935067740668785
-11.862678489064763
-4.697411173946989
6.489420287777818
17.960706973633478
-2.0910031350227314
-22.89533486582519
-7.2933082553572035
-13.074562404804112
17.636880497432003
59.17730573177914
18.974377227134255
38.106910349141856
19.79743457162226
28.615508859322347
6.892247413633527
73.42714531809298
4.820335548784442
3.314054187031388
21.006927797391825
0.4306169130986177
113.80804720669386
-10.058169653914888
7.805802565756039
11.248251505390499
29.065456394980345
-19.386983760569137
3.5366779136032847
20.5701304235194
-3.042789232066923
2.9899379423475807
21.637235928066332
38.055788416750715
9.789120904675542
10.460071558553238
6.684778890717553
4.095640366742771
-0.07343368880435719
-11.697171204924018
-11.217734430368807
-0.5059982864413541
5.585925515885492
11.700472089458913
-14.920162972530079
8.261113211409508
14.041159301847415
-6.280512348489708
5.918402708194321
0.7349283678298661
0.3189769265788982
15.522852651229869
-27.86547523693406
-6.497107810454622
-5.13672154536107
-81.63956720423158
-57.681176848067366
57.33086084931017
-18.721851525671582
102.95041179445326
63.884571621442205
-8.827180832400018
-36.13160757925522
-24.362884773837152
-9.497342654502006
-25.673215652608974
127.7942472351915
72.49969086942622
76.45989118699435
99.5622037863838
104.35832019720635
59.940690792048144
263.2606178905121
152.10559220738241
83.93375200706441
61.41120256424176
62.46293209595319
146.7155185112864
65.47413560182002
31.08225950431381
-5.483620916283769
-10.183529460188709
-6.864383007947538
5.38965820166618
-2.2256239059826157
7.103741478942879
82.33538250324233
9.798254894750585
3.9685072983150462
-2.2850892070671307
-4.07437677222282
79.77646485688985
-7.236023009097721
4.025083451370847
-8.939562125828274
13.455144078096168
14.270962691130933
5.759163771558633
7.672720566052817
81.36650216168351
-9.050190794998912
4.176386702360787
4.038268704381267
-0.247219732566748
-3.3998042026577195
1.1331917913823872
3.1236562127364778
-6.904552842776468
3.7958787568744583
13.532568008229191
8.627598341878638
9.223737282561103
5.181070859535907
2.909301240203945
2.0180536281526997
-3.4875727994449335
-4.060476132038957
-10.632545249604448
-0.2008705188577551
2.141563842009134
-3.9303589822517893
8.096014242657134
0.3393752877108227
-4.9633384442634565
-3.522866240945916
4.822319749800386
2.774692807935935
-4.328065708652559
-0.666138780576432
0.34328364521968524
4.53025925057193
6.756438476200856
10.04702158328314
0.6230224861130296
14.629817359603067
1.2396587378287336
-1.5542882254708275
-6.095493704391913
2.881753560546656
-2.7178418397193695
1.4489758859037352
2.322438281600853
12.102561599446346
-1.2964325551825482
-4.938985167648752
15.092953435344725
4.9328730053832714
1.844754285250076
0.5420646083180145
6.328187324664896
-2.0648317373442637
1.327905514929057
0.9832570287290991
2.265153611953565
9.825942199946212
-2.2299885294855244
12.623593425375645
4.971211637811109
-5.416807161744373
2.3338841056501565
3.4094790354201336
1.431240191981999
1.4398978273970897
-2.151864717831245
0.5954868980161905
-1.3328130694840183
4.711821515337419
-0.46650303461797193
-0.7789797657153485
0.7430579364317396
0.8391482094921798
10.074109594264883
15.344377612506378
6.987332431180789
2.824638467238401
4.138513846472563
-1.2656070256386442
10.558282281263132
2.566959282888888
1.091285673050379
2.7469990863663156
-1.3220742748119392
2.7943192497264135
1.336241509243223
1.0668391923348395
0.7882281588439355
5.1324788807806385
6.884730061614562
4.405307367308808
3.453078946410301
1.2390518600537916
-8.925029313780954
3.705821845103401
-0.14824370391659158
-3.4959273661102657
-10.758691610768153
3.830633944763804
7.739037017543865
9.886756767729992
2.9608820926284807
-2.123876233673002
3.0610031298032823
-6.220999875609323
-1.0656495305260023
1.538940171904983
2.062386672207822
0.797518124035264
9.262974754816923
-0.33464338513852
1.8444504932796804
0.14394473130892038
-0.24569624356956865
-13.80566844897487
1.9273228173351526
0.8621379193369307
4.092097657747672
10.262202693501195
-4.386357089291607
-2.389841814790884
1.0819200582121766
1.2507782836826777
3.284622945952549
-6.106034780598861
3.464461137009664
3.0539136347061913
2.5722354321263197
-2.207809857067616
-1.3408366419631648
1.9220361270612898
12.566438872593949
-3.7728814117526213
1.5669480826979338
-2.85815269246433
2.272999233162352
-2.2932905438439093
-0.293055306900726
2.8923586796842073
1.7109390439382537
0.6068390909996424
4.947656096196226
3.241084162900563
-1.4556483566101974
-1.7856635059293922
4.347938140955932
-10.426007332982351
3.421344177628498
1.505938838016391
-4.162628318242014
0.8522984220740568
0.3863808464035401
-6.340192507778397
2.6426512764790004
3.333262047813548
3.3176309693982375
-0.9288644365308869
2.420030186769452
-1.2545625748408042
-10.724133645744928
2.362480370484718
-4.1603612885795656
0.2712008401707635
1.3856287675105818
0.6833238206385204
2.0838107564584334
87.91755277567165
164.56481064073625
79.11948962738711
76.89737946776546
70.67084309836082
59.51502422951501
120.43474764736362
96.8939012491926
114.18063598495917
84.76859406458567
258.9803430606915
2.734990551498015
2.9182244050977033
4.209267221802747
1.4648063610658255
0.648830266241589
3.061199470346878
-3.7739300340289788
-2.5453021904588695
5.9588493868606065
-0.43513027570310214
-1.9363338133120465
4.6250282658761535
3.641594491793967
1.3401604651090224
-7.802400551101414
-3.9729898379447945
-0.1018719432601074
-1.1920271462493588
1.370202682638478
1.3122379154136183
2.8823030875495306
10.023878042401407
-1.020413061867032
-1.9007634655327479
6.281934470030706
3.9635349643737072
0.7253205783468388
-1.0828074274180608
1.4378245748389418
1.0156408831450676
-1.7684689444592436
0.25126910215749376
0.011781199627762362
0.2012850995300255
-0.14773898787768758
-0.517437819002339
-2.3288478556420955
-0.8119016814185329
10.106463938569618
-13.958344451471476
2.7669064746029335
-2.0259427111527657
3.5984638259682242
0.9725611261278573
5.277993205638666
5.376190314199675
-0.09054526328981183
-0.008735520786615325
-1.584125121001648
2.864934454963418
1.0309960642134683
2.0518248157435437
-1.957596942062139
-1.0205677680673375
0.36011541814895054
2.496946170031549
0.47033129771148197
2.3866583621666564
2.146550757368118
0.8769273684799828
-3.0434478624749204
-1.2075816791610805
-4.931896896618753
-9.01110900239712
0.255113345317568
1.225875221482056
-0.2644390895674178
-7.680035566744891
2.817175615950987
2.478160368007366
-4.849529026390087
1.8953874972014546
-0.9944024675013452
2.400029786911034
3.9230590577018916
-1.6590797187080284
2.752915307541798
-9.721799600064685
-0.7989261589007128
-0.5078608113970517
2.811908110870945
1.3792328161683827
0.9247039844499909
4.351398044097664
-2.1101096381515845
-4.8250957239985155
0.2609105932598368
3.2153388584495133
6.516743348065347
0.9502360503364002
2.883374102077653
3.29041446779695
-3.123470377337128
-1.1328630847793306
3.9697993269020344
-2.9017186701797755
0.7285186225061011
-2.0978352921198393
-1.1519189963161125
-7.917078663830068
2.6530782760022475
0.8528909739581536
-3.121858936424019
1.1857302574686628
2.0055922345285353
-2.2416041433318696
1.7767025055807153
2.2456313037072277
1.51577755077966
1.4214887253953066
-0.6613159307138403
-4.832551860057663
4.871744389798437
2.6123697898326554
1.5072445456696641
-3.98045024687093
0.9320873931102369
-0.5538302991682826
-0.41890139246913805
2.8420505621128314
-0.10435076708068891
-1.1041091539772765
6.39645046629056
-0.7085800167994307
3.766522996513004
-5.199548251158433
0.15803227548013865
1.8125397868938649
0.7753280670007712
2.225556336130694
-0.5827142083462604
0.24364298432158193
3.021513674068842
0.49553324937448906
0.24187067466249346
-0.7411379851277502
0.5605509404588815
-0.8806968691246766
-2.5204799685536727
-1.9033953964529928
2.466941117131114
1.3493070994981053
1.6468101597379246
0.9150508025186355
1.0426807444179076
-0.08281455305404961
-2.575335759126915
3.127478023103322
0.5995951318346897
-2.0885156197154515
0.07115771468778576
0.7480399545991645
3.4934867600706525
3.0015865885480935
2.2997115233362706
-3.664249766564865
-0.7985582752237974
0.6281382645362328
3.5665456855290927
-2.0473054992520474
2.9255910223982937
-3.597572065252507
1.9750838704767943
-1.578971537801408
2.6801953919359676
3.358504649973497
-2.221676820460175
4.372932895821691
3.6140691645589413
-2.075953614928892
-0.06622870002451009
2.2213789412846836
-0.5620692445768327
3.0148845722950455
-0.4456298962091978
0.7351860820725733
4.756189553094373
-0.8410105011105884
2.4193081658976894
-1.3913906353704988
-1.0695037823043663
2.4237357863181614
-1.1448722009812968
-1.794587462443019
-0.5082964092894144
-1.2534997847350269
-1.629104462220198
-1.6486697015040477
-3.305046145261997
-1.6246466053727318
0.7007075364529101
1.4749400689108825
-1.8445491575282063
2.804784488829
-2.4591746965555217
-2.4747973328775856
5.495233641505251
-1.168991751233989
1.001697190560435
4.318988596148529
-1.1860702833691903
2.6254166126068412
-0.5266515984715738
-3.010249186120177
1.774887727868645
2.659952299736574
0.8190660698523402
-1.2807007608737422
0.6473742378620386
3.8653356642944345
-3.699832710708904
1.714916659791868
4.827848620413079
-2.740164106311056
-0.7592531358625365
5.036815610445217
-0.42640054833339036
-1.0609158909524012
0.5435837849287282
-0.4492007826727331
-1.0540126694916125
3.605448374745265
1.765235069251844
-8.82973670883922
0.009237565251453361
-2.526307038745017
0.7423081486642786
-2.168167010946604
-2.278093542176464
0.6146064157511546
4.864887928162375
1.234743868634439
164.52725965169736
72.6818049499243
104.50597398740359
89.52458485344317
117.06291016851384
118.1379148318652
91.95855968867983
127.47304343706782
41.2137852783103
84.90937438634234
-1.247597006922092
1.4534700490324894
2.742353173556012
0.07294882870064612
1.083637968055939
-1.2600411220763021
-0.39620970000964917
1.879033280525391
1.1178899734666174
-3.9157356898631406
-2.0872069532799173
-3.4083860147958944
-3.133853377117191
4.243466488860122
-1.2747037977253513
1.4727004548242917
2.8117027250057163
-1.4014421841312696
0.8116470475894175
-0.9879868503354032
0.8838529623059799
-1.354742554700806
-2.6421424724641724
2.4946709547506316
1.1661011717707765
0.14578443729891433
-1.9747274252486022
0.059619782604897864
-1.3182111586992846
-1.1561764406840211
4.106132118698611
0.5597970136626031
-1.4646315078444445
0.2252191146504856
2.2002024729215464
1.375025245271047
-1.9516514876646625
-3.8497377544132405
0.9088891827819907
-1.3228297632956583
1.9824087581440608
4.0645907395265795
1.0355393794174006
1.1832855297566311
0.5002765570583279
-1.1320843590761456
-1.1465826499141372
-0.7950415109885398
61.784649756531735
78.80211783554086
94.49055792537104
120.20867667825678
86.79162309156669
49.21136999043733
113.2271538552938
-0.13640926564545452
-2.143947048800783
-0.22256558244447433
2.0467472534111266
3.6173774918163417
-0.6883218828804729
-4.440943841058981
-4.831733649177522
-1.8717869365235629
-0.9194973299332787
2.397454416008145
-0.5050170455564285
0.3127097405584891
-1.8990605509167722
2.6441986703379143
-1.4494131023769796
-0.34205329825198305
-2.210956177161279
2.0802835039728507
2.37192451868583
4.019850811156061
-0.8800737827934313
0.17379351614852112
0.8566077410364414
1.6242316467281057
-2.5931890723254583
-1.6316774642282326
-3.1668041045212476
-2.0042540586946416
7.479402347023438
-0.30831730014841696
2.9486909166853934
2.7267606286160344
-0.27828635821100534
0.04600759254924469
5.110931702778657
-0.37098063497700196
3.433978690912568
0.9810961914506038
0.59607287756603
-0.5160714474073416
-1.0610108662399398
-1.6906361932120717
-6.255457862963681
-1.0554027245890438
-1.4425173890123233
1.1874385360164297
0.3900261854479936
0.2558937340040188
-2.026752629622081
3.3163435339129137
-1.372285915456814
-2.9723684437473707
1.1384865579567531
-3.613316775535054
1.9965781956431101
0.16078625676016145
-0.5151796201263892
-2.374658815904354
1.3520401771083925
0.3672167130058597
-0.07707201929491703
-0.3164325283544258
-4.030612649420277
2.6048164946479346
0.5773796496046089
-1.1668163000791196
2.193309259644195
0.5362096255838082
-5.095702379930913
0.841797074417002
3.730772158367415
0.6631198159654446
0.5966293187192946
0.767743872459846
-2.668051747847244
-0.4373153993716983
-1.1360955754753945
-2.7611065488262057
-1.4702228469337228
0.29067544558148484
-2.288385927637819
-2.2658788235603424
2.3510061698978575
-3.5468211899126914
-3.2930682265223368
0.9530324717162557
3.225497043761038
1.0833964088009225
-2.1538532520870604
-1.5551494655634883
-0.8820507525528569
-0.7390035151614143
-2.426263125677508
-1.266525732016646
1.510049276221821
-1.3754358078793985
-4.3606084132073875
2.134687795573882
-1.3202745367296984
1.4672176593780932
-0.277639672260932
3.2702215973619104
-1.732780865572579
-0.6021905162370444
-1.6846803095217524
-0.8080990367082563
2.9403267327015783
-2.578506761891333
-1.324503470830166
-2.514624016832329
0.2815492869078753
-2.035367484468793
1.8926423775882313
-0.29205393170622074
-3.6807374655937792
0.9557196453984034
-0.7265658813906839
0.31209559806018206
-1.2030882107782759
-0.35695259025089854
-0.8473623059407487
4.617234344962753
1.365430844838727
-0.8420935907906824
-2.8655821321285657
-0.9420645115314983
-4.498478867864833
0.38132137783583175
4.124015962583144
-1.9156910001473193
0.2656798174500068
-1.2443720682221624
-2.576572795729703
2.2123250752147214
-2.1697399643156245
-2.193344989789125
-1.2094388890030245
-2.0705106181924293
-0.2624896950666198
-3.037636112690791
0.41976492762665885
1.1063147187416007
-0.4724190541963367
0.2434584243951008
-1.770287592602358
-1.177768533756307
-2.3240077033383386
-0.9456238763326041
-1.88690492033993
-4.776087451353305
-7.37196254343354
-26.586546960594774
110.43631774784927
263.7732219942266
157.09417882599382
45.17085796003266
69.11324838873236
77.62994470678399
74.0290179276318
119.57441240399305
96.56631754784848
60.42736915920193
77.2429302993263
123.19760688494017
2.732502735391563
-4.345933607174686
-0.8595604372509342
-2.3571320641239026
-2.0973728420270845
-1.760444848054874
0.06913427462006894
-2.607341960749693
-3.5953587678229155
-0.04812991683365908
3.3982675144712857
1.4367607228971337
-2.8883509060247547
-4.026489037656688
-2.6197457129842974
-0.31683902718094714
-3.627935115638934
-0.9810434394125309
-3.59439159646098
3.398279457915123
-0.38203757901374047
0.8874199395768301
-2.0829293454996787
-2.4257116654042647
-3.793656607910634
0.9424305591088569
-2.673988546224166
-1.1491770574915563
1.8449021672333856
-1.2552672968527077
-1.729166021845856
0.11456952156186162
-2.5447701326015135
0.23106837052768014
-3.6424009190795914
2.086155122541413
-0.06714100177487126
-2.70264702789882
-1.0068249400898708
3.0529154632185396
0.936006165424601
1.9212535708381324
-0.8141889748993663
-2.6332460401004596
1.5382660247966555
-3.199194734822072
-2.0212934352674665
-1.2829793346429028
-3.3118196866843164
1.8446962533510032
-0.9662167805911395
-0.6323112698041768
-3.15889623935675
0.8711205820394525
-0.23757491813944398
-0.9448534811322133
1.3165939841989598
0.25717087716020615
4.951136743404277
1.594790705788057
-2.4594622909455097
-2.6017825102927645
-5.379432720293892
-0.008511998985568425
-2.891977340174151
-1.1982452596421354
0.8292584121733171
2.907731821413506
4.254576678289936
2.0523249580588754
-1.1995675323762498
8.83639372265651
-3.6171979129334204
2.5201345104602524
2.487725546357069
-0.4082519198633463
2.17023151442595
1.241040906612568
1.1989814568789257
0.15136734723671452
44.37439252993022
152.37836306343422
65.33225856118906
37.021190638846974
123.7227998653538
82.08222745477582
114.49675558014712
63.53942461081226
36.166705238446525
67.88687416238474
70.84208900725514
107.12050540926691
94.19539521123642
77.70319020863826
82.75176572464193
264.745510272793
113.50009576417796
81.65724532950725
165.96565906930937
204.1423897626667
81.47762939037784
63.30292040836639
34.56012704307841
-10.060770428055605
-6.256346843884614
7.106657650165744
-8.13071330199898
2.2052979872269134
17.931616068451433
5.580582535351823
13.344112592092415
-10.050265762341837
-1.9445708458971467
1.652839197646756
7.025507431885217
81.51744938448576
-5.1464758804860935
13.997290107067215
-7.541456818387985
5.256887040911863
5.447660423067475
-14.301919568207097
-4.773317044940654
29.818094538877062
2.3025976242080333
6.6280901192775445
-10.94572048373152
7.022503946512984
-20.159479152978008
-1.0465223785112698
-6.405995864952956
164.98260393293157
9.124178726104788
41.69065166758327
55.91101703966524
5.404799423373504
32.050761627248164
1.0974868266641238
-8.261495281659677
13.471665367398543
-12.887544931268508
6.676351597458165
39.93190172527807
53.70341064119748
-14.212094281304303
-8.81146016671994
-4.929707603579857
-53.63413895943813
-20.51003525251042
6.2471954321382555
13.077825711352261
-29.922337695679346
-25.179816053519914
51.562615662620544
60.54160180163012
56.56510044292179
130.3677498981245
36.843620231914315
40.851849212768855
11.86811933379795
-7.909125678092494
27.043708006243662
-19.432029704262504
0.6487242268323143
19.251461241664742
13.09318633348579
8.163905367727011
13.573305184202184
1.4345946833484504
-3.6195077413074728
-2.0517994103907427
15.69805145185586
4.415554031873057
1.6571076953617876
87.21986391170168
84.42243281480228
53.31931763629177
7.254338678597605
5.046584249135094
8.950101764216924
-31.781877203916792
-5.074463701539855
16.844638174781096
94.43414822487756
-0.022730725853307376
-15.508736053010523
14.914141080994852
16.637341269214403
-7.973613761929926
13.626045739404333
-1.1614192719061975
6.774208792677086
-17.766973282796698
-5.107708000843502
2.011289161139757
-12.334248215285243
1.820400225142862
11.493187051060715
10.442517340707866
11.988508423462577
2.7697584979338217
4.509021342801702
-12.701661657854572
-11.263446586334453
0.35741087899054946
8.381916552990845
10.115395467523683
-3.108555651010988
-9.037399366474574
0.7947989256355186
-3.1111403324288176
12.924238779965549
-5.358853147867137
2.6776308267744753
-13.845701365645539
3.693916108234589
26.471839240588395
-5.036740124288485
13.028930790830316
6.508821720132914
5.252181660548672
15.205721127955144
63.002644716164696
106.01098827187366
134.18646079474388
56.374930805736085
-38.98967034241309
14.98322154166226
-8.795592615300166
69.43151062133632
-7.974321572372219
-52.69205713646261
4.536628795425997
40.81280381591591
21.9963077705072
59.9403770178144
3.2582613889686627
-6.174702796491715
29.766822190784865
-19.808585310156047
17.384455547744437
99.78844695116948
-48.92290474740577
21.063832700016064
10.42491352890272
14.229329789168787
-21.29298387200606
4.41108663608361
28.42146077158634
17.725609238990273
-13.842273410760981
-12.666246220580888
-7.272758426260168
-10.335697352934403
-22.889855351807967
-14.20872412344039
8.049012045369466
4.587768010286936
-6.971375465525512
-18.33031591356479
-21.54139690383613
-2.1476486326045006
19.17052613092335
-11.078813703022774
-27.93896757389365
-16.103714438948998
24.849547360144527
13.852791741968758
-160.80355595111604
-137.5278449432654
-156.05737448005766
-38.56749503284266
-67.94254556179169
-71.01079870815369
-91.19201430974101
-84.98036631625916
0.6624657441174691
-57.21152230730269
-32.15168307126896
-11.750349234116925
8.8061720757064
-4.727375295447132
-25.121454471871857
-28.806692452380616
11.46281205027094
-9.694364728436653
6.929494764490187
9.59507969998674
41.21446868286
-51.81941173544158
26.429913527734186
-8.871995121387272
23.457869608134445
5.600359634407255
-46.40590256662375
-13.042640867366515
-0.22240717962972667
19.34992538918067
-9.186158564871448
0.4257493941621533
-40.972577428496265
24.64463022112085
-10.960162884334181
-6.671190194986082
-0.7114569156837547
1.119346636853379
-8.837571456092917
-3.873706971259253
9.519660133989305
30.45913155783927
-0.42531609998343356
-15.718116560011595
3.3921837158251265
6.6438536885162875
-2.8790717572680933
3.0540621064055813
17.845391630045526
12.447605653539995
52.00084452404775
5.346174024103107
8.481224233061766
-9.009373970918318
-15.738464925254334
21.528295982388954
67.4774251484522
36.140733543229885
14.978861903702068
-4.84576615131175
48.052983509173714
-40.02736242880542
-39.4159184118339
-7.001748597137407
17.14887051505275
-6.767375695342764
7.091684775167664
24.88395781640122
19.18164596897276
36.131114385665626
-19.06233525453206
-5.131394364020082
45.77280657111004
-19.02103953341782
22.016180867039964
1.665430421603105
-19.175495290968456
20.340052479783708
18.91422227639015
9.77113236992426
-13.07182899933639
6.803520269934211
13.979302597638139
-25.864332631876323
52.07393325385107
-16.857341713614403
22.831886999659844
-23.198003893191526
-0.7847452054875248
11.433063478841461
36.23188196102518
-8.856888682181136
-33.43146547181925
32.603780701665755
6.528908073018215
8.191116472294084
-18.586602096051934
9.812761968407358
8.457626952864757
-4.267338579519276
-0.25815460722185435
14.977969389379666
-8.920660521457819
5.54263662911228
22.60370134259847
28.425681335073136
-0.3277755322670828
52.35244072457516
4.476872614859985
-16.34090735027621
17.729632311895102
73.2975297127901
13.820367190164689
7.612819188814569
29.8980280101091
13.178232184897638
48.227772109880334
11.242576034577496
0.11390187798150464
-23.7197029514482
17.792644652895376
23.76793288784893
37.90706789533283
180.2380985538125
-33.36069557244241
47.817813199465036
100.87579898004088
28.41890438253563
23.645243181892624
30.707886342870495
15.990410212798906
-18.210406903592343
-89.81969152339911
-0.9441501088977589
-61.20566589762126
-40.269207598713024
-56.10381619535633
9.193036230118082
-64.78769493300791
-23.713112328275372
78.93364668512112
-88.79846446729005
-48.58267636287894
-44.95205376952475
-2.258147588840586
11.512669567099238
-21.265021394590065
-36.904474701310846
-22.642296767922744
3.771067692096665
-6.0199434277008095
-13.423950845639808
5.518926415444696
-2.4386910101529224
-20.433681819641038
-2.992963286219606
3.3430950776499913
-19.06028143297999
-8.77415723726341
-38.71859880695882
-11.185898274536157
-44.002307200185385
-37.072087164569666
-43.57208387641896
5.5640283004156
-28.57162344392799
-22.609976926327477
-0.6996345926883123
-14.850902752776847
-18.05933772227587
3.326685294993524
17.46418938725418
-38.22593829762798
16.42772970791185
-11.939298917203985
-32.66935609709185
12.07864560910366
-16.055590461784618
-18.493464768173226
-5.524467445564369
-10.759990128682034
-30.773194553380222
-21.45337825736391
-5.381060242104127
-13.777522650407604
-57.241901531233395
-10.183609865807512
-31.168809592094078
5.873910738876589
-14.43814533110907
-14.171884754501775
-31.839879703354313
-21.440306071806276
-25.335425402117664
-4.589812720111809
-10.508022243189771
-9.254517464305422
-10.445397618360118
-11.085072878235621
-4.090312972950414
14.350322518973826
-25.978132248479028
-23.40256252406084
2.5399200821775025
-7.601759832511561
11.85561108642463
-16.54141813712414
7.330799758730336
-4.3831488411650525
-5.218805570243148
0.5444378371020662
-12.323824284921841
-17.74879546857818
-39.42058856750248
-21.407561985694713
-8.373706473726088
-42.516243556586005
24.01116917013809
-6.197391576160271
-3.5676419230981082
-34.97507155585333
-8.655597653546579
-18.749495319726464
12.267653876115673
-37.107233572541986
-11.553277931483024
-9.195672624083613
-16.53612717110957
-3.6339727329145717
6.296466727183827
-20.615166950438663
-10.614603284339864
-12.100325971606708
-1.1152737979259086
3.654586445434063
-7.386204574559201
-8.838180167668156
7.392279597170386
-3.46788211449109
-13.754363017860499
-11.193303523448492
-19.35321071895612
-5.204254443974662
-19.334600911406255
17.80176519327324
-14.899037158760677
-13.866162480810601
18.086559964357832
12.25521755151766
-5.97824971647168
-18.3571083365498
8.246676745445825
-3.8481557852565516
-3.698636951330741
14.418674813935752
5.994951453243061
-3.045622247219967
-2.525271586381564
-9.786510425143945
7.484522033054816
-15.614711583282144
16.232179683945162
-12.819060053514931
-13.734452520277102
-13.113707128990427
-17.148151042106747
18.60773730522095
9.295251370759388
-16.47634900946855
-7.569912711094219
0.45694871975371143
-0.4610026985446325
-15.508190887718683
-3.60200425077727
-18.455564337292003
-20.38531284401222
-15.477260109772772
17.70389674143223
-19.241581585575545
-9.714471440123077
-9.070301747944768
5.623784314691534
-21.847278233416887
-3.657100707687732
-31.693070975909222
34.2899238657555
13.478590101958162
52.45510524750432
19.964629105766676
33.06548508505017
-17.096836559428084
-24.37369115290619
-6.274758972514121
17.438857152373828
8.770588484486666
-55.866245152021975
0.7049685120292679
-13.208200642589873
-0.8655716786328185
12.401598554528846
-22.55380262572021
-8.222201664953218
-5.580668471851595
-21.648841201396294
30.880106179802794
-18.80638290573853
20.915885986799253
26.560633520662122
15.083718166717745
9.236237452145929
6.0068625323065135
20.574079577144403
55.35965570864124
7.236744393998094
-38.53594227352187
40.44425297795641
-4.748389491097953
37.64617394978069
29.008022694830856
24.443563067218236
-58.42489872495565
36.961710064867816
23.643026721412184
38.59669619783722
-4.125600527678614
-19.415941688950227
-5.134806392940163
-13.224896136780842
-2.7528263221423117
28.119880732495403
-23.755362377513848
6.001678157860852
-14.500464936387289
4.439234384703354
-2.33704299898352
18.06400265802199
4.218773870752216
-1.0382738305189605
6.2480747825299545
-5.964849549853625
-24.248551364220305
-8.525754696908905
-24.11358870112133
-3.277995004597642
-2.726750452709723
9.067290316440449
-36.73511257474627
10.89476159201081
17.505384882836324
6.48847862934889
11.535969991004379
-21.4765058615626
-23.475454699413547
-20.780471059164938
31.059683068709433
-8.102241676173549
17.718292926402228
16.112267276979708
197.421922593531
121.15247398027293
247.62223717717143
95.47702252459345
88.40345848361574
83.88147438031933
103.9810567814203
80.41667413634411
122.17661494247852
140.9648269755695
-20.346042084940166
0.030549071775737957
12.592987314089669
-25.662045035949802
2.662675987364821
-15.008122992975132
12.05413202667512
2.79874833438015
-36.0935959687306
-1.8964236174368239
3.454343522564045
-15.266308923849238
-11.229655535123811
-8.730719876170497
12.189818942373336
-12.078286083557714
1.6507103026230538
-6.732740497427244
-1.07426130408453
-0.9840247230890782
-31.18246261127979
5.46771929101385
7.886715379142743
-32.74607286143498
10.479571455047221
2.6311042567718914
11.02574250520064
-4.652012625816781
-3.221501211780435
-23.889878951087155
14.308886358426093
-14.984258688890293
-5.4179569343589264
-2.718805925298625
4.750335002781867
-0.5363286875917197
-2.274928280954157
1.4987544665243036
16.934398034579544
-19.79836660811395
-13.472783753503393
2.1638994245115555
1.203611741137479
-3.939150087475298
2.300224182538159
10.90816315051029
16.952670980256357
-18.32729118315831
2.904152223757933
-14.114753962286102
-19.859547785741768
6.32521045262979
6.861998747766222
-1.1022632353905237
-13.407831441673409
139.51749785159836
21.669582294788142
58.60482466225977
97.56846577053818
76.3641586449508
77.48620198289666
-25.361047668149354
-0.23689328038688018
54.82755049081396
-77.78144907923985
-29.809758050581877
-26.941462436360553
0.1263908018917732
-1.4567574679126665
3.022783658156982
-0.8376902706572764
-0.029346052879930085
0.21214073012998824
-1.5576504164195626
5.006689874743074
1.8712600311683332
1.898324795030362
0.07592411240864294
-1.9444616108532387
-0.3291575673686111
2.8715152612431893
-2.079288956320056
1.6525507031893767
-2.135376295764047
-4.775634948461686
-0.5605387407621265
1.4286938983796063
4.966855050352365
2.138654811308129
3.086001084543568
-1.3268108532512883
4.167852481506657
2.31493247395008
-3.155449457191537
-1.5511813102870065
2.3615259614510364
0.6423007898143851
1.559469703827176
2.602977434119566
-5.305205206173639
0.1440088010858176
1.9291405823154264
3.3978928051262756
3.2211042579719447
-1.9941895994441552
-3.7949162246213746
2.870394690801163
0.6623891213139359
-0.9988307891468367
-3.2343675330956216
2.5702675672213786
2.2298954300597416
3.484867153978371
2.3011216874743923
-1.0700594487087756
0.7085054354466251
-1.9655618893248175
-2.4196610168240795
5.410955630397439
-2.615677852236331
-2.2831324739289585
2.545145722429595
1.719068679113775
-1.3416343556211814
3.194095967955832
0.5720188607636487
5.709970669234281
-1.370796431476606
-0.9404964460687779
-0.06614718738330794
-0.860465333496677
-1.9393566436733636
2.828737066708527
-2.317469297978505
-11.81102394660445
-5.119931560024668
0.5853873754810479
1.1153584997441612
3.0915401789866337
-4.153343478783711
9.400439665333124
10.029091191516443
0.5276685753349852
6.388345688679124
-18.836149635271966
183.71355992347839
82.29681664686086
31.81835865608508
19.052917883904854
63.594459724842636
30.104855721971035
-58.22477904203379
-33.963863034439385
10.799992309704294
10.589912721221367
30.440759574521735
-22.965191489636084
-5.54622155648417
29.410436069893876
21.66432122329661
-13.044350833226417
-19.839286875279015
-6.412599112255123
98.42608854538378
-36.03554665904778
5.8997228531502515
19.976531594998676
-4.333536774196261
14.663231600627
23.201233886973
-3.1147801306422025
14.923650319929209
34.98461502462442
-18.981193315373844
-4.0729363996513825
-10.137181351209847
1.9277996862289797
113.81021288410966
78.322953778883
262.0234270499363
112.08600823976707
73.53774172367457
171.1000417607267
27.59884602502143
30.76214335810687
6.404248119384079
31.368758123523094
26.53591703672987
9.088484289798544
-4.999650665103445
28.108269406420504
-20.169695731755667
13.004493718606454
7.123794364790456
-33.39251468427392
-4.60947305412941
28.140367252226326
-21.321076334854354
-1.7844752827950856
15.864855719920229
-14.554926284096098
79.29706823939301
-24.38956770875393
15.80602830434566
9.990274916175508
-21.433712056832178
-3.73912006002638
16.79832345965974
2.7843898979758706
22.96013638541774
18.4180441490696
6.449586241846873
52.47921595314409
-0.35275588761732024
20.109270467550857
-11.673556789447673
-2.22197618109044
-5.490767771476953
-0.10180905368133608
-1.9663914548879688
13.083954266192336
-5.63912189927089
8.604832223189874
-0.25022717576996456
9.076251342286355
6.628695512998888
13.194481677826843
26.28396088049925
-64.66785255551099
10.590505310526964
8.016941905668205
-4.8574861318203375
-5.954841807894013
0.5955857643971285
3.8196916672296766
4.143012077814092
-11.383636497173939
-20.3612439485575
-57.421052526910785
11.787246535040595
40.49583040057814
-16.264855236188623
165.21094764124337
12.935776671275562
-0.21962868395621626
-8.586979818060456
-6.59431486057656
8.458438821623417
-16.16673856505031
14.492213064653697
15.131123235858468
28.088758039705283
-35.627209269973946
-4.0622627697370035
-5.287990593783832
8.611831093967908
-16.824281365385843
-36.04390501386621
-14.156889779546248
-26.299417439028275
0.5709562459007316
4.263670768266024
-2.3896964660179947
-15.587199726748338
-1.499686933352109
12.170569108231064
-11.959171391192115
-6.027935298214061
-16.386926975303652
-9.050662941941653
25.007601152550137
-8.288097624091051
3.011303327559858
-16.159389623541585
-10.298845982257944
10.542883967506555
-14.428765582710241
16.12611061471432
-13.830909139032997
-1.7035679584168975
-10.276384085673897
9.125086684379312
9.909688291140299
3.6420456908706456
9.892010360249571
-45.519610931677676
-25.645826645732427
28.859374867912777
-37.9040654114425
-14.055909611274615
4.363096581071318
119.95455549031203
-29.80992171053822
-28.33532656836428
2.9203582863946167
-0.8576931855162115
-20.615019817848918
20.317236257277216
-2.8855045636515797
3.5830410641886488
28.418570888291583
-19.24335279856973
-15.04506121896469
33.587031376728646
12.569255719930197
-16.11346098941931
16.267580722264483
75.73201321530979
-48.26834777584827
11.254610104523636
5.289933766221395
34.646228572573364
30.008280921363394
15.60917705493273
7.472253359427555
2.7177757769278514
-20.844801836775446
-19.53712448568092
32.85602648951635
7.9884614809651
19.795615370973564
15.49195935892584
3.4277110189799487
-5.614358596647037
4.190046381725324
-13.16990213768031
2.6304499012321685
6.269196690404897
21.291529782305133
19.863065151593105
-10.420121782572778
-5.67543192123577
-7.850566468525244
15.54258162685477
-1.2707007710167773
7.683807650230051
-16.702147062887377
-10.354109997133037
14.299369920704578
-69.0141526987369
-14.564914320234038
-107.00816890975625
-43.87472821498193
-31.896308105457024
4.539574284317382
14.94894485614634
-9.790917565923507
-45.37418587993818
69.00376667989747
-17.09947009719923
75.8563562265511
-26.24885395840721
29.918176080341084
-7.393719381135497
-7.733042977317382
-3.9609777320468993
54.208339667641496
28.69590197790967
3.0018960803352
-58.329441117090255
-18.153055656584115
12.115406289058342
-42.81500748200449
-4.932988125989141
7.008616695269097
5.256215400915551
-9.726302039570783
-26.89625633928364
4.340389554615797
-7.425505075178933
15.848476686990011
-41.152714877325366
11.985250504467444
5.925159523851448
95.85154831359694
99.42866462490298
263.079125515864
87.44122212243923
113.54140904294957
88.70908562964058
54.34234291882069
104.420697429391
71.4577876783087
119.30661496813241
70.42520751716165
260.933042825965
62.20094046251927
89.50574459831432
115.57099314683387
77.68816291663381
116.9023414406991
103.00424134601025
88.01200951898949
153.29948352223693
49.9789848674593
45.45668200107991
60.29015611559777
60.497498849521776
64.0035143058218
32.67158245600399
90.55387584536942
57.693904382398046
-1.3978689907902435
51.94755274386284
6.352981935679338
-4.194098489465603
-3.2534406227145496
-2.622773986135485
1.3985371595352944
4.793255498231986
1.8012953980702378
4.0383160351863125
6.360567803818412
-1.1092232291978803
3.349275241211501
-8.161584756357342
-1.284919210510452
-7.462322378107274
-3.645509617904736
1.6015220317582362
-0.7217523230925735
3.7147382520861356
-2.326137301640358
2.2403258924686043
1.6231888083324293
-0.5542872521373283
-0.3259658313985483
43.02107138738461
54.519503555127926
15.635535845649656
-8.064018532339219
67.55283026116098
-59.501264452654425
-19.320675417588973
23.446744675520677
0.2868310904035525
13.955297629740414
53.938751431901665
36.800487243718294
-42.09528093972261
16.471897423742973
-2.477014063815375
4.890143560739261
40.52955661304452
10.094264659808346
23.358911867511722
-1.992320105388842
22.36674510075909
14.105604434407496
54.54069619725976
61.226852199847315
-3.7764677419035024
181.89995899243524
118.85929971774254
-63.1160238694971
65.85386554057015
-27.402769777470894
-3.411415689539183
55.41777365824498
6.247079595083903
19.177421860816423
7.262897698439929
15.963935348948212
-4.5081599254868365
18.887705991307712
0.778158866051399
118.21406546538066
31.369752293139243
-25.08021448093632
-1.425934734834584
-17.348422796234445
53.731910006281055
40.590415128149914
-18.648170979147608
81.01395244803405
-66.21231171069269
-44.391599841416735
35.91056298281103
-2.1642828540022947
-33.22943188816947
-3.8855124827500163
25.651860616973977
-11.112386129444644
6.653531525168205
-7.717852918536323
22.287681886447103
-18.161659291530782
56.70378367513274
-100.63173785171182
-39.16202585052736
0.42551050842070026
18.935174545575137
-23.16425984054854
-25.68049730177927
-122.40022123339065
51.559864211592696
73.84696709722613
91.33169574090459
-54.80070687388775
-20.401007357264803
78.61031295206158
-28.279187290757022
-45.64418915860949
-19.521475048493414
61.78809265205382
29.664343253056188
59.57892591066286
14.132613967626014
0.5883174426120377
6.288509185000066
-10.000121152109159
11.79938049276302
20.440000894347577
130.03171199894655
116.66004297757064
13.07090823381094
21.201307177481624
-9.304767262413407
29.001782206565338
20.79956780972128
112.99075520286482
57.24803258980654
-151.59274302198224
-11.982759026768008
10.898273593512556
63.917131696028264
61.85923954052589
-175.99720074210546
-104.53845994624874
-39.19947715396228
-141.13156527976184
5.306244885669571
18.545799679739787
5.964811420083777
-8.34319065376286
5.658904561545285
-3.7766018999273
33.68353909491384
-8.88543898057128
12.071599532341963
1.9365993927935392
39.80367309486189
176.05335892499915
76.29511361028403
68.09493526072845
93.21161083433947
261.85234624652196
84.90697675984649
89.90908339720659
60.35463420964231
258.73465176052093
79.48444920051668
81.37565853514394
103.34284166325972
84.52033362318087
113.00736339198312
63.34362921820389
105.12128681586387
76.41026695009532
168.47099612767704
78.78306855342737
13.828397399547214
2.6360419268469855
88.33561633007344
83.85997222102083
115.34510573889787
48.44324948834651
117.3132195265892
65.50631643765564
171.31473409194746
90.0811226310962
115.61874395867426
141.4742596862609
119.72730479082577
44.746996769597104
-16.219519550427435
-0.8196345368663742
13.597189781721113
-13.94367028334301
-4.1322762885799875
-12.60805018626047
-22.59040948654058
66.80171283350546
-46.014790208578404
-20.52810841957023
-7.2519823766459695
-9.344559703777122
-33.16592298102137
0.6706441456249763
-15.728951466586295
-43.81954540752838
-0.3995525910727338
-2.524205649459077
-8.536022564509892
-21.393916588871207
-3.9071158735474683
0.8803337418604542
43.743995139500214
-73.11961880243967
-16.914621454024996
-27.722125804795894
-9.588649268753556
-17.066844077565975
-42.99653629874058
-14.472318110817866
-5.0671124456978305
5.749913874467779
-21.606117944147627
3.621940635058934
-14.591823795549544
61.33654108092253
-7.863350117273171
-24.222947287785587
-22.013552642252307
-8.824475193697708
11.944553386947746
8.678987740310731
25.023961612747712
-11.904849840230725
-9.606354033209868
53.69271203456066
-22.966075630741784
17.35260274464804
-18.823523298542284
13.63836268453747
-9.360511940458537
2.7990319837100515
29.466850465140396
6.677217963237524
13.28695808946361
8.700302314585258
-5.941932434723583
58.4666768685978
-54.49053615891199
24.784755085878942
0.6935702333430527
13.290594879773153
170.2215691306248
84.58656002872084
71.35516781516719
74.66553244377621
49.503663145257576
109.75746353645542
103.63308929683672
93.09403555581207
37.69735877730773
43.467662800015376
-56.547329648652294
-29.10220873051736
-60.51658168664716
32.60707959564462
12.564453007708039
33.05217520028236
-2.6993543355892484
-19.019927571649987
16.922045270342892
31.337006242299253
8.42534246389755
4.618118254394915
-0.6287293465612152
16.601683347223513
-13.429243084927066
-22.73811712086723
13.285195633691899
9.37166515407182
5.343097141470139
80.3722004960876
13.202960929592564
105.15862770597829
73.44002990522154
159.82117347890778
44.477169186213985
-13.858834962964238
-7.77725170358417
88.3707532546066
-57.768612747539805
-22.633236024014764
-7.763636466612638
1.2469028976574918
64.79292031275236
-19.660869561804418
-7.426247028075636
-29.24242303047822
-30.810030329100414
-30.928588793915594
-47.92835893606542
-21.13007122760547
-5.128759013293916
-37.6819611625682
-8.356704575068989
8.050921357540176
-29.185930238306923
-71.05982162822221
-45.59048270177266
-94.04055593195892
57.55328596107415
-119.2855270983477
-12.50679998518848
-26.269542037605675
-12.646460645941147
47.06434073640975
-40.7299044758081
-14.083943906122101
-70.17250053455558
-3.892016122710686
5.652325676408509
-12.304295783060866
29.512441211846408
-14.245463760920927
-26.15240146277381
-98.21617968123792
-51.79905593554355
-61.37565742779259
18.53346560016007
31.7358702161128
30.672019491911783
45.84992288682838
20.37165155094044
27.033585493744454
67.73241923950553
1.9977371880984833
5.034230996495694
1.4300634122153042
-3.69684368731248
-6.739539198926707
9.05841289940247
35.28781692675932
-7.63438117106557
0.8614911237878005
-0.728659552883471
-9.844553540408867
-7.742885615159423
-1.5523402408911124
-2.241357299060269
1.1590580600346243
-1.1582515899167447
5.249329214370334
-6.438632416807479
-9.84468430260813
-39.298466131893974
122.74471435975272
11.926238154128043
-6.98232536693115
9.07646124185834
2.488884774358951
5.575554948306376
-2.9510855022622877
0.2802474014282552
-9.542599231941551
-1.7633109743604223
-5.323555999224823
2.250859222435679
-10.152374714332154
74.24565486048004
110.04866722910788
262.8728809182188
67.75795329212087
-1.2005387059248278
-68.05116022282544
-47.42324997279803
-114.38403042187542
-58.95787350490633
-24.214683609492795
-18.407433170870718
-8.775373767419126
14.34407579653282
-40.488716490118065
14.142657547985777
28.615899159261176
-7.232400706569024
-15.282718564253628
-16.881893595856184
-2.390222541208061
-27.80683612994477
28.64102952030487
39.02854283844431
-1.7047711154635863
5.588872336483291
-14.575927954836061
0.3380746681693836
-13.004558936271678
-26.68389117709927
8.5954000070912
-30.96559676598656
-26.721425732317357
-9.940322694830513
164.6461568467406
264.4862476534797
84.33886304034382
43.0379349593332
-19.308975782692073
-11.271602982487423
-13.349914209314989
28.78196258740377
-29.978367461096582
-6.898914204413813
-23.49538773507328
2.1689560142312985
0.19573160685024504
-0.7194734869874537
0.10183243925945362
0.45934539566837884
-15.075476164668316
-10.49321749065109
-0.5924610171974791
-5.303783499142298
3.297226957470116
-3.0313047834520717
229.73698566701347
67.60878135466044
63.74642454299061
69.90834467610188
-62.42611565800934
-108.4635231407209
-26.73810365436941
-15.498576396975295
-16.912934968802062
9.864951004816191
5.517813869501424
-2.5365190364128125
5.526799433530186
-2.33336153831209
-1.4473207799719034
114.58415274698496
26.91037426589463
12.912083151388174
18.8720143745212
57.44664008122936
8.386069918345129
27.800828837006634
13.080993551802067
6.045189038889475
7.157764133378691
83.56609658487508
-5.543245466336941
15.06530702751246
13.572095942416468
-11.583423020982423
16.9222396453348
-15.302934628680475
0.04958169221742992
18.33033135450478
13.969862523626546
1.5812484963000202
14.022345070280721
-0.006477566105502319
11.759854528828555
-5.497311506290089
31.567003105775143
-4.018359112590645
17.285535559526124
12.166246333703725
-7.560386838933994
4.113967702534808
18.301826232608505
-21.759755373436406
-2.683860156450976
-7.586594986376554
14.694854268495362
-15.360986502061166
32.654157577701426
-1.2506067717660017
8.537535763258006
-6.565427067452674
5.7802101485187904
-0.11426053793377378
-8.02309203056592
12.856193668322817
-6.308171374206552
-50.78304436071778
5.526340090874669
-5.015730232096075
-4.783744769226189
12.236192467841306
0.9132433684841317
13.68690867046871
-22.933788367145723
77.8010415313704
-2.6301771284332744
-2.033210476568911
-35.529236115985384
14.983281160918182
-8.980485366966946
-32.323942944360056
15.632787519372528
14.567208336384851
88.96948944720253
13.340101839075544
3.469403333812238
-5.302458217688297
15.97437901043503
6.7021240440668635
-30.35584843329758
17.59353827371899
-37.1210173830213
-5.953449724959171
14.96791301627411
10.637062295717556
7.049766931121098
9.311070009001128
-5.773390342218704
-1.604011738692975
6.1953065723932355
-29.923549218776657
6.852266436324328
29.175595787111206
12.899518228166926
132.14096611733402
116.5623789263621
87.69193693721331
79.3226004372043
88.26275918741362
82.12154958971018
126.3326485852574
264.5424646993421
64.49353470482663
62.880889700991816
119.6549135041426
102.91971275563208
176.88630818729916
78.62813288068423
87.02541867500872
113.98057983698578
63.93826009180225
261.8496158255903
109.37162770071023
35.1239604387448
103.62969519689591
67.76852499718177
83.64648462253916
43.38791374158677
25.04389955051556
39.826811032921
53.60600217585113
-40.32878781969373
11.072710239528078
-9.254771664492807
6.0301090392779315
29.064027692016737
10.346761988975288
85.80770517914902
16.687918643501916
71.93546283414037
20.61699490037222
-3.1831228171755015
6.200585350431027
7.660210868410559
1.7163780604320777
-5.590528791861516
11.753766545418785
3.890062495563825
-1.828583254235582
-5.5615036844654355
10.732972217241695
19.276250261240193
8.502803004306713
31.90147521297348
-2.4332832317409725
-6.278935939322423
-0.6794853718312197
-2.3913008951911934
12.542975420870903
7.129462313760143
3.533729337858574
0.5625932672225531
9.496356646056029
-8.422419803965965
-1.5474044972454521
-7.411295846566702
-1.426671665083063
-6.842218624369593
2.569839025080398
-9.523644215059733
3.5640888091891156
11.058008610746583
3.217244312740206
-17.43515005141768
2.7095874561912296
31.91374485063011
8.295940360593761
-1.8714874480247659
12.542298352809325
-3.677653649107924
-9.460831801338315
1.4422596310925542
21.035001632747026
-6.874809403942322
7.879670352720552
5.633876993377555
0.9193244659111315
-5.049174132234725
-1.9795607547394525
6.32645331887835
-3.3530976558022303
-5.652563765333696
-5.198016177857426
-13.008810610552928
7.112616638755924
4.540761298304346
3.7428147921831396
1.465642283571981
4.609430944485609
-15.309374995970188
3.6543726632879725
8.249221909920664
-9.378513146656928
-6.697655254196604
-4.60949792075985
-0.1704953791592061
-19.564341681811584
14.190429200512483
13.414771674352437
1.6488932609900075
-1.0480576739170715
-9.533740556550242
-7.6792005184383925
8.446473577189295
-17.355283064640446
3.699071451277973
4.574228608818942
-2.2085318853063995
-4.854786180760584
6.174153491930156
11.869962704600198
5.19716702023095
2.4172564682801294
-10.250215693455289
-5.32105869067334
7.29525719861897
5.657728270026041
7.497608456638602
15.419392586862216
-5.814113596685047
4.961009082410158
-7.354894265976441
16.37750055725678
9.737764990147298
-0.7145221325569651
4.557474757244677
-8.710567857410297
11.992428905329803
4.439043728517618
17.998474703479587
5.2783063908139525
-8.51898059997842
4.205603037864307
5.763618044501243
-7.697970821550086
-0.9681086369175205
-8.248990711000204
-0.4113379287051089
-16.147938014285444
111.69346710768025
91.59528848732083
110.05324852624267
38.258340219283355
264.1684813366219
175.22993573240308
127.8131090067979
78.3646321849551
78.45966686795236
77.03542508305623
5.381733530041686
-2.868841342856399
-4.621008943493052
4.815249787447897
12.68967572213046
-6.879677189470783
3.501585126851751
7.833116162327087
-2.381480382655809
6.068800107819584
-0.6925785022905302
-1.2532036534351505
2.413978534225123
10.840596345691324
-4.412522010246221
2.9717427952664366
-6.019036538897012
-2.251284540493657
6.394476057116947
0.6629292075346598
-1.8388348727073662
-6.32140398242791
11.86731101462101
-8.67174223572897
2.30272626441365
-0.21183312684865996
10.631095763152928
6.542940706814818
-0.6135305869366903
-9.933706756399431
0.1835117955739065
-3.3330111154488122
-9.834128736396224
-200.0906850982381
1.4732785182691828
-2.1067601614007003
3.895694824960856
3.847534827531547
-2.1861508992781182
-0.05129377580891514
0.3298714767067281
9.09118792010429
-1.8746408873814175
-2.7482185054370802
-1.9301506194935882
102.35046630326434
72.1713560249301
79.05361391740541
60.46208707319681
87.56015290707518
64.91536546146642
85.34357493523737
177.2558700623905
69.44404222067112
259.29745037905093
129.07914040508064
127.30987301764065
264.373268118491
154.98277638625194
77.37723567033686
97.77755370041206
120.2238739428675
71.53952155508011
92.18652573002566
46.22416660333806
84.02154858545873
81.91708440780275
164.28722155002782
78.44920316755639
121.96373471536293
172.33807990607255
261.6837383057371
90.2449772721339
101.47616356745573
71.93572470947743
107.4319868341492
84.37437526886725
38.7061449162826
74.42107410736378
-122.73477801058795
-154.9049809180732
-53.46999097712023
-42.41325134419628
-30.819820870407057
-46.52777625873847
-25.856999100668247
37.20918310808668
-71.68145743159465
42.41521388017202
263.8463609706723
92.05477350149056
47.97603042325545
171.37308180409218
128.22651725492778
72.42156507249956
64.95893411974203
119.01541585692803
77.25535811438237
85.52906427037419
112.80331764718062
0.25059383023233295
3.42280567159429
2.8524612852281166
0.13827265358730756
0.8262706272247442
0.10387623870229845
0.07641198798057758
0.2696880662742842
0.3573980604552389
2.953962661163814
1.2769746524709262
-0.11587278929096101
1.767307517441111
2.6382961510271343
0.04505593820294962
0.6085492964743935
2.463022336022732
1.1971927308104569
4.657285788998706
80.9446876596055
-0.16302584721648827
-0.8792573638638714
1.3187916043000882
0.2620456124473094
2.830999139470123
-0.27731418772930283
1.7636178031909822
-0.27553976092929133
-9.161271188217029
94.30917027943985
162.92072578456919
115.48285449154082
-0.6535617255848933
0.03483003487355063
1.8478344884904345
3.1622566582052514
-0.4926820284039195
1.1974293764099002
0.9661260486399215
1.4682754318249067
0.6939696043596086
0.22227007539260057
2.764368660976629
41.39000744099803
74.98694443929458
8.546952615945543
-11.106671678282055
-30.69332355116927
17.856839774984792
-37.51458248204443
-47.82551818159993
28.804314554556242
-81.3255185257542
-58.42189858546459
100.93930742733403
113.028323144441
276.84692068653436
40.20319668545483
27.0831002227431
10.829941234803414
11.179855471427345
21.56763969680071
-1.2525867521197824
11.283996022232031
2.3954418964486877
6.56176857760579
-8.762754732434132
-3.492930245120192
8.017573522346822
81.2156264093984
-5.503058300327609
27.320816877796915
13.594675301206848
13.964829065946219
-7.9324473764617665
9.135836833411531
17.402545168576353
260.8871425930208
45.5438746558703
57.18892056354065
-15.933327827096946
-24.66820310259675
20.96119857656987
-4.901579075858592
-21.525261588090814
56.65747563865125
-12.743275284675804
-0.5385361330527303
-0.13696831036321555
0.2528772130955872
8.178935570423107
1.605910071856897
-1.4904331888184856
5.0717320608943055
-2.110771387548027
3.3059063656813805
7.068708620430016
-3.591472574655768
-0.9506353625747579
-0.4656414335581758
-2.3409904004325313
5.352860264583114
2.7443396966900764
5.052532746585086
0.3043800398566532
10.212471093599447
-1.6610292409421845
-1.324638727462684
-2.38487663694184
-1.905122863872748
2.430108839574018
-1.7807373311666765
-2.4835321229116403
-2.2719077547101847
1.4998703440270447
-2.2266725012353845
2.3405036539958815
9.17707466793513
6.441077977479608
4.335701905662518
2.584315438173064
6.941544799256405
1.0843673167960333
1.6720488994602078
-1.6480534055619387
2.6966378834467832
-4.880079526073018
4.4493859946132375
-3.623938959615998
-3.0865610749145276
0.6406794476484947
36.38406969167568
114.06569044681117
66.82254042196973
66.87934651073749
113.70022467045374
106.46531762745985
64.08378083796151
94.9326268789278
80.04145120733591
262.9964760956664
154.53225071307452
5.242822041394447
-0.026398345769223397
2.6430899262322782
-2.552902615615153
-1.87061628294191
0.8751435236915768
0.06236103267440285
1.601763646445363
-1.6850160993242866
3.17598967637889
3.5667458087551154
12.121389026459724
1.0286841024147861
-3.28152760711032
1.4290059822412218
0.6919083431188255
-1.7224662810482982
5.364641974147844
5.88426478335623
-3.5874350950111875
0.4916465549447935
2.3088940183789646
4.138747958522174
167.17437710873344
6.195519969278564
-9.833205756222128
-0.7066857838017313
-5.275572294727397
-5.642838402721111
4.372998332396662
-0.0022913949552503254
-1.9653462349369306
-2.94096239409663
-4.726023995639196
-4.028865825662194
2.230604352253522
-3.1509356884619137
43.439194604560726
42.04637034328073
42.632641978062225
5.3714916699078685
73.14279741060824
-14.252143763489414
-14.684053600117693
73.5063138604446
54.57019506185827
-23.576821380926276
-10.500750489926304
-0.5441915519702434
95.62568927267102
-0.17571464723295094
41.85663659312354
26.64973855857653
-9.789933247628142
10.389274909288815
14.249986568327643
33.81000048025021
25.349231887001338
-1.3800170697031149
-13.642022627905476
4.488930935571034
-0.4406798339430793
-11.619707442979234
49.19192401685689
-31.332712306309702
88.75556176201007
-0.15546520580960532
-5.322508341710886
-8.879403236679593
-0.4852030211017109
-3.086159192255934
-1.326081994185074
-12.895776437073891
6.0849397912240875
-37.636916361036754
-11.418841546046451
22.671514965572158
-13.159188233386715
15.214453606078166
-18.839201935044684
-14.459527755433555
14.745938255965655
5.7048826844675204
-2.6940391265076187
-11.160046009193593
11.207953944382723
-6.140722972711899
23.153952785677745
2.8932943736617744
11.201689437663049
12.976914319308037
-22.55682659774078
-17.37841119439736
93.66061833449601
264.0084664564197
73.85414445465483
113.90460242693473
85.90025160941616
28.31390248405802
65.07068689281158
-8.490001226237382
54.62995657789611
-16.053718788621154
6.560484170359587
37.89514302001089
153.33050965835167
-32.68142730021788
46.790460559351516
5.234998310191031
31.846002629935697
16.902376707951134
16.390243883240146
12.04298419363505
35.37545752789214
-5.195472333665521
7.326087507477837
10.391269622182506
6.309393262503818
12.197087642656015
-9.476239514719055
2.1018294765228234
-0.8059828981938608
15.030677607248208
-5.853107084310636
78.470868096456
-9.957040198079085
15.503372978053221
-7.7939089228621015
12.302270035112201
0.6415400289049558
3.854699717880635
-3.419477137300703
6.271985426125639
8.101074040599201
-1.939890557567992
2.835328246639051
2.8982515126263593
-16.476370765056117
14.631025069914244
14.7504142611009
-9.082654742180068
23.057188439517404
-7.204192494451661
-1.7023199880856623
-4.609362561621992
-8.79636876455561
4.070217210932242
1.397447882182746
1.6510474289287345
0.294841247088641
0.8686966097023969
6.693792392418629
7.047004396577449
-6.22039506068387
13.73610874029788
0.03825092134559327
3.471033463033109
-1.9982386623275374
-6.725735670183099
2.981966788621321
0.23098389920562568
21.662783577782648
-4.9565690326015215
-9.589928280627646
101.87647475380118
70.0831968857724
262.4210922880211
78.51708619360329
94.50082448405226
170.5461534399792
49.880242554769666
84.37372529388881
94.85328384316279
110.377085404446
64.6691403836735
13.316887597667801
3.180802371411687
-6.1101585236737606
-6.28531816504875
-1.725878557603096
-0.6936032465049493
3.097440005453791
1.895275526922262
-0.5494742521798912
12.066957866434336
-3.095881266857077
-15.09147934018182
-100.98568129068616
158.73260657997764
-172.49196904072056
64.8815331400732
-68.89412208603892
-163.0940599867631
-20.498284919835555
-2.0666382110202903
-9.512102794012208
-18.79975927854497
10.904312476565508
37.976412335733244
1.180513095211495
-6.568291377436594
21.671982842817442
4.7243060140928606
1.7002044965921073
-12.477260559599813
6.407585891121698
15.434714726298125
-2.856193548113879
20.311921240484025
10.87410308294369
-10.468551102704339
-9.922490324140256
-3.5207478750210157
-6.175339959675284
-0.7532903368837651
6.383116107708986
-13.846614548303023
-3.1726848917760435
-18.7259408985542
85.57135187261991
12.089058854886389
12.80632425985749
14.083517774191364
-1.5153755286389696
-34.60558019723692
-1.6437537802686393
-11.431629404374121
5.8441162954906645
6.905568437111128
12.881262284764148
-1.8566366606012252
-6.041323264712901
4.8940455017773274
13.355519247243137
23.141723402985235
1.2737153117223556
-17.55390230759923
-16.920189499852427
-28.56633343354241
30.363162825089773
-36.86930789769929
10.64768527150352
2.225477227838496
-7.449991997735367
-9.550777143650464
-9.691026631531031
-12.81270995519236
-13.002965699416393
-19.896327557382506
-16.775506429055213
33.4661306788617
8.510795937091189
-5.098384872196675
-17.291607913769667
-2.5912392196531187
-9.65041677788696
3.454245293211443
29.909499801128902
-43.79022409947078
-8.831443292093809
-5.208020544895021
-24.639864709758626
-14.592797612362801
21.175725678834624
-13.126328487724436
6.524317622907574
22.944596993667005
-53.89702771667146
-11.206776466667293
-25.64785877227291
-16.054612986588836
-69.28585633882562
15.08650296206008
-15.146562834130691
-4.050626687039312
7.42362705826838
4.913565881499892
5.135305431217944
31.648162041899013
-27.640150344265464
4.412283119617882
-4.3112475342733205
3.8542280068282935
-32.00749173360617
-19.568910645725623
-7.2103858953681765
-0.43913726778470163
9.692823226058636
-2.1752632470921185
8.244866919912567
-2.532924887645663
-20.37077671571626
-10.455900006447678
-6.082023412225794
6.166837826429969
-13.020149591180314
4.815829348962097
-13.424428131750346
-4.299207426074872
-20.98324817807338
-22.063290187838163
-4.418670540732137
-7.304105984427679
-11.477643095855
-8.720412909282743
-33.62561651018382
-11.47390989340363
-3.54247120810021
-0.02643674303953958
-4.481599287449058
-4.096915380696032
-16.176399652050804
-2.243486690752718
13.273733595121143
9.703495533455225
-8.414337086448597
10.347816336906874
4.230982007731029
57.22538989177826
47.1959486306406
43.67481095511852
83.65283390132174
24.389581558538453
3.2732691951749757
15.024779097826752
-14.593545809188981
14.801293371167219
-2.5703326616891786
14.563937510924006
-43.45700727334645
-15.908689121808152
16.129947012149216
3.098215676504367
-55.850384269527865
260.42461290517554
4.277507177527639
21.506549447772613
-14.182966996822131
-51.983162088046754
7.6388884089585645
21.285439702775307
17.728347432050953
-38.78358574962573
-2.4562201667749832
-43.12056549868424
0.8641531654783421
20.035775572322677
3.824603995877794
-6.6682963572325775
-12.91346492617248
-13.93774974589303
-14.92555377958314
-23.090500187161354
14.201802824324886
-16.409113134272218
81.62721121876012
-3.6252843163047146
-11.177074150233068
-22.95419343150536
-26.076172396321056
-17.400836825366127
-8.620334618967263
15.272083005741933
43.85824351119237
-33.77071098267339
-15.832085615582287
127.1893120009089
-42.75588966852757
57.97324059088521
-0.30393246059452395
-0.8687955508852383
0.6045987851202312
-21.603873341981057
4.870259696788253
1.5809033690730416
1.1884293357049955
1.7092757660583402
1.3603699932187965
1.0820042171842488
8.013053233817118
-19.64664376106083
15.12918969835414
89.3502015390622
-50.55975732536922
-10.694737820915861
9.51962758006107
-6.0365035500809086
24.95055854261119
-9.477442722194212
34.19388529391483
3.106255569691143
25.341523153750188
0.9738886084023193
0.49128471402377727
1.0553950579909497
-0.9015294603065058
-1.1032216069384049
1.2946443451170353
1.8561254936188902
3.753329659069607
-1.470360660462518
-4.041377924407016
1.6149095227763155
-1.1822936844743595
2.9889699413727158
0.02847609783640337
0.1903048706701611
-1.5225100525973403
1.4844541466817418
2.0732060923174913
-0.6360192579360842
-1.8356562925490607
-1.0478957906642563
-1.4362447647501995
1.6636275379901235
-0.018269200708914468
-2.322585413436798
1.8116836824098073
1.602059576389081
-2.744081852376098
3.0610760113212336
0.8392073296736271
-0.7299388934960689
0.4486919630248849
-0.6244333979813632
-0.07052419756564632
-3.8791602211481973
-1.1651211099825787
1.0057833499133721
-2.1514103774996443
-9.381510356506624
0.6834002716653913
0.29332089933217276
-0.2417891104905152
-1.9946262216844843
-2.2434526004035433
5.675290710698448
0.9549196751552813
2.4573680234300355
1.71953143522137
3.2714506840682134
-4.44635104365716
-0.9491291347492279
-0.4308625976402709
1.8744777147946934
0.942395173997852
-0.8128809753219457
-2.4180036968886043
0.7154769703757893
-0.19851116044867467
4.011085457633612
1.7761315674125626
-3.099062975971833
2.5065786246285597
1.7139054667546816
1.6586992383822121
3.7327814071629746
0.30126514563198725
0.18326484515915809
-1.9572109381849714
-0.9855917995985806
0.08742915867730972
-0.7068889766205757
0.5736056198172719
-0.9234708140465955
1.0649585635363792
2.541448707154018
2.6819749396971133
-1.1972310871095715
1.2735658521745563
-0.5089426232422056
-0.029571209866674053
-0.07282408506841875
-1.958028855445832
-3.5851451126168286
-0.7280088447751041
0.05111524943515633
-1.2912566536969052
-0.5422081145967468
-0.07618362743568241
2.2504943283490775
-2.273918485022591
0.06789615735146981
1.2943463955574543
-2.0938004778765844
1.5904729411595326
-0.5873726242049315
-0.5820351549700717
-1.530578061011738
0.9762147049038958
-3.3859803367347467
0.6472535601749883
-0.31729974990662413
-1.9294319136607214
-1.6805533736438178
0.7983682744514908
-3.371798033139953
0.01060246188359315
0.9406392982867828
0.6633832140840923
0.2035310221079385
-0.8130603865029116
0.36421309783503375
1.152345030997651
0.626169744813069
1.019301120831983
-1.6185009577435494
2.4226252661543413
0.10430300370956047
1.7768258076088728
-1.5564102788969194
-0.07301032188763656
-1.9172254459464853
111.97373997184786
76.76327632083803
76.42018544551433
157.49910761004048
79.91503232182947
111.52331383266619
264.7556368175774
39.7454947359588
74.8103598386723
93.95293476501024
86.76143117796664
3.776982201333226
-2.143525633443801
2.734535953184718
-2.581298398263243
0.011393765720413285
1.1358209069518352
1.0788282556227387
-0.31004051310435443
-3.1098129385728726
0.12504481995586048
0.7393727911540395
0.05130676081716956
1.8615264294064673
-2.575416810471097
-9.609182281285484
-3.2494605849716436
2.604565224562009
2.6998763446477483
-0.6305155875032824
6.1045395018825275
2.1296395708245086
0.21979054250834906
180.61674971187222
-0.9195455439308944
1.7716597988053877
0.7588959557679686
22.83751517850817
17.134261160613505
1.3981645577681547
16.574039909059934
-38.7715249810953
-38.149914126756755
7.368798210983641
23.249293249818948
12.121341279020726
5.496259647737247
5.899890166123896
32.96014341932511
0.5975070813765342
3.6822184220297913
12.266647820097432
14.465114642480046
-35.25258692260297
-9.76345296839935
-10.34860168566047
4.6200232631251765
-44.679117387337214
0.11976243151593735
3.617707460714257
-8.468862542640238
8.852327099583533
-3.0914581434576007
22.61057044118678
-18.48909586429852
-39.678473233470754
-4.9010828267838065
-8.624834693496837
34.51291379175876
-23.72741046576141
-14.068637715723298
-55.487124796377145
73.9643074120603
62.69524418580886
97.84561253172478
62.04243025935966
116.14368166749841
-20.48326098271292
7.216342754244238
-12.02047597430385
-21.081965511597673
-10.337486822728351
40.05831699109325
-15.05440327965755
-25.88174653096337
-31.69315810008169
-57.50595472753122
-2.6830488446975096
6.567720838224773
3.6364713391216696
-33.45883797460414
3.282104899614012
-17.851250067262413
-27.05128578403162
3.9461126215441027
-12.914491254024597
-13.919579238017889
5.900462679529483
-10.76233960049285
5.185687001985059
-0.032505532532354664
-16.333501657470038
-5.104386535081687
1.30585993849337
5.419267652998769
-6.858246999238986
21.81442194767459
-16.830452381282328
19.462636200156226
-16.033548011173707
62.41714796883531
-1.503001781242574
18.956416428090165
1.252184354186852
-7.620526895697537
-9.269254164336019
-1.596996877678862
-11.591478537255512
-24.281246535194327
-11.514267573377651
-13.642171435342846
25.263337626485622
7.555592235238237
11.59517462660142
4.164903856130309
-11.711584095862634
-12.87953144060441
4.792766840159459
1.2214504659845602
-11.232242152498827
6.855148137686683
-21.122143242238053
5.979860783823369
-1.5301034614518016
4.651799925167666
1.1091105141069875
-13.8743465928913
2.5006998908918945
8.498370986090777
3.098003284374272
6.50623767285515
0.6056317012505019
-1.4149791509087208
-15.381077863371786
4.700633553391526
0.352950672848408
0.2502688757881515
6.484397320210235
1.2256402439071508
-3.357742204890542
11.151768419062137
-8.72281116776037
-4.854264536709081
11.122331378134277
9.92561062124804
-2.526318016513301
-7.837412681086619
-10.928043208361316
9.504886048846288
5.429050647333156
14.714142110461125
1.0312678916346272
-4.922486367835063
-4.26170059353683
2.032591043392358
12.476054189822094
-2.538393366982177
2.9360677500555994
11.839283336423023
13.081412409795917
-10.742018438914386
-0.24317242736231037
7.507240225947896
0.7012339634910632
-12.998872501071332
5.521840757706514
7.265808317073493
-0.2284971954276216
15.492963427377049
-12.697968336017084
-1.631580223713172
3.5091048516611067
-3.553220364013839
4.592561468408576
10.614028110872539
-3.021617749350071
-0.5157133915483314
4.539924265404466
5.099405522325583
-14.816213939054592
7.9440600860281165
-1.9548024265238837
4.403225236984781
-3.812956262520572
3.825996174668944
19.064344928926403
-3.064190348847319
9.372353430535327
2.1810792979435973
10.334638755175206
-8.528974903300877
-3.7226167378158834
15.903094867111747
-6.407277576605338
9.965598409956101
5.180373272587474
-26.722705337357468
4.6758487142876675
-0.5181455294591046
-6.646192100013593
-0.027394222361238008
5.860457053024106
4.71870967607299
-15.4662208676545
-7.009435903911935
4.461617004114146
4.7474827274355675
-0.20115853131272843
11.335255428664595
2.724361236601453
-2.7291787390116156
4.1748805899902095
-12.883359392291368
3.0786139725410067
-0.2334545559672847
-11.55011122162955
4.017472383187851
-1.8663976294916438
4.95082732666458
-17.213170464265374
-4.412889030238603
44.388318109613806
9.607028517071058
-0.2460831943079711
-61.92436679943222
-111.8869672452239
-35.62325079902513
-19.10664384876975
0.36263047104080215
-57.737120444614334
-19.343870802643494
-26.592272221007136
1.7641172712579873
-0.07556093998232427
84.52681560294224
84.15164282888622
59.569992662649724
116.46841880048032
91.81675758005338
84.7380998541928
99.4183049824428
88.64625584881787
3.24609150739127
-0.8136030708011504
2.5370579615470206
5.835324838310612
2.225955938815275
1.143340877722892
1.4002622436491947
86.29235176428864
-1.5782381563006425
-9.885400920007669
3.1616829847649797
-0.13611049564843825
-2.52015195884303
1.8793655577614459
86.77670672085117
67.78090913327117
82.58971894160175
15.56158853450279
52.13704313222166
6.248070347331804
-10.435489362164788
17.892481381730306
-11.228940217463617
77.55833996283877
-58.92117934125707
2.522086116108312
14.397487576635854
-15.157774296350397
