4.14057275081791
2.32715029445842
-1.4846082262072287
-0.021950409809960547
3.9320865882097564
11.446252335729469
0.8351849850174631
3.9521641302119406
-1.0537454696285522
-3.1483140433801964
-0.8747088314313487
7.501210397451416
1.5181423046219038
0.28362541193899915
-4.932490417104987
0.0050336907069095105
-2.8250903036167188
-2.328513078239837
-40.523876165933814
0.7582405299281731
-0.8894697195977983
3.8861209552444507
14.165732315776836
8.229354796969574
8.395477076798556
-0.40534246442649646
1.69180652393419
-11.597607470577373
10.773271542348425
-2.656905305411044
-15.759148398043067
-12.100603009818656
-28.558883414199954
-1.7081756314403265
5.231880944869943
-19.61161953638441
-5.047138166901675
-3.7162280226857547
3.9426546422355386
-12.310461768979735
-1.7203931629953217
4.596536539554563
-1.598114022772677
-22.257714713023688
7.762296377054554
4.202328147081914
-1.9928170502536204
5.9372153080717
-11.81677908947438
-4.946407464237836
3.9874323720944176
1.7767590631210055
3.3177617414290808
4.292890033030574
-8.682076828022616
118.0951779236425
128.9738852216151
77.12823364513213
69.15628213838454
63.69182643365127
83.5683864548198
83.48820269334578
172.21362886096085
243.6889419751967
65.19575043751001
83.82879695564543
-6.482334476302356
11.0266888860275
-6.403649594373462
5.616678202191281
-19.039492186742677
-11.650695831040252
3.712669049937915
18.810964150228074
7.278938700486378
-1.9379512075574894
-14.200805912881378
11.290230337480182
4.877752775102238
6.3374336217583505
9.84447805098847
10.246142460663123
7.002967565195604
-5.205638995917241
-2.415640720264946
-3.627155765306668
1.0255193506143314
2.1821144028053823
36.179923619032934
-4.159662169219075
150.48572229205365
130.57259107500784
5.589550863212821
2.415140805326189
0.11872386280350611
-13.478894577294568
-7.468576312991729
-5.048181585433554
5.755955182758157
-0.14428116360221566
-8.47089490435178
2.851965998659921
-0.6883056847728994
0.5167497089950075
1.8805675759671203
-0.3986792177375946
-2.5136906703305044
7.2050825455135055
4.960398308437618
-3.5364127781177785
3.26090271233727
-10.704702704954911
21.21108603278367
-14.039035335921085
11.318158259864958
1.321194687135005
4.629062410035999
4.615745076130793
-7.542099600267193
8.280357428775119
-4.332590843726734
1.8764652377345783
8.96714098678575
-2.368820148226291
-0.35806477737514797
10.019493049050766
5.58477259317408
4.118863184653833
-1.9401279653366146
4.764404930656042
-4.989474272565246
9.194451403994549
-7.997082022697214
-5.522163963610637
-0.07760966654177537
4.491610377814709
1.9004366206741565
6.230471666771905
-4.9411908848335315
4.0470822476316926
6.0346846166959836
-12.032575106548336
2.8614553065822292
4.511975422500996
-5.139275440479537
6.30565397924363
-2.3797522863147833
56.992108977231396
322.8594913333882
13.233419194750354
7.761496418542663
-0.038702035149185576
-2.2401664601823086
4.553839271602044
-14.738962227692468
4.630362417518995
-6.028881449911864
-1.6918880906061986
-0.74538361954518
3.9078118417377823
8.050828810544658
9.751478669103221
3.0478250688382786
11.958260900126902
1.3411929284808366
-0.297568895926247
-5.43098737833418
2.944015608511677
-9.015860419925446
-5.06664053900505
-6.402180718809234
4.8085819410782165
156.39667447301076
-132.35010536256158
116.67713278149228
-5.064637855530009
84.79633509585443
100.68115398203827
18.93780481038118
-25.95753731113001
97.48992757426049
-33.42587843364947
-2.595043259706358
-12.223600170877376
47.22684531221
-29.092622886668096
-1.4986056703898498
-6.338318194011038
-13.237892324310394
-0.6356862917093054
18.63770630899637
-12.053284223329229
-29.80835090556326
-2.24853551756172
-6.945400752491025
9.20025695831555
-4.858411400400996
20.250242400929608
27.122212917167417
3.380605653632756
-76.0718593854296
-40.14431258028816
-28.180600671832053
-4.056355254688356
4.132573018059645
-39.63221688658609
-33.40512513988705
-66.15711151420265
-108.45323791373283
-15.570534109087532
-0.9682380860952549
-52.14962013965135
-25.060992815545944
-43.42921106303152
-46.24492192698767
17.134310446504628
44.99071228238597
-80.02552852393734
-29.46453311687219
-40.991538727363036
21.2730238486173
-32.981744186550884
-5.834995319057668
-13.587928854403572
-8.029593498708095
12.878199865872375
17.71142124917094
-31.74455353727228
15.573726411078496
19.977540930056932
-30.981967323020513
4.25644449595984
-9.997100047500908
37.68310598365417
6.875241456672256
42.52882799861226
-44.66225972751795
0.11717763133270864
-9.864289086159772
-27.232470517524803
7.986750822734166
-1.6141348621426346
10.343327227050509
2.827509230668511
13.548377163969406
7.804054406169712
17.323178242100994
7.092504750172338
5.94532031538489
-5.017135208970615
11.762519476071532
10.96611033022782
-0.5711322741060485
2.770565134643448
-0.5946968269919353
-0.05592172955527985
9.013854418042797
7.485276914758401
10.440168200054359
-0.5526281657455456
-23.06157122380131
-7.320868767502191
0.3053229401898534
-62.494129319742285
76.99209030547036
40.03716045569206
61.56105723170913
128.8527265183679
68.95125590325267
94.74829573971391
113.23648192485183
263.2390141389965
175.83716897821512
87.64441355084091
78.4896035047808
111.11964238572273
264.8562236851194
-49.39054340589672
-2.427980325888427
-43.68745396131601
-13.598274483298894
28.49471760588949
2.963214042485106
-86.594637107528
-49.69047176272528
4.749582143272676
22.618668589336608
70.29569750512627
-45.01377605453399
8.778188711871167
-9.25177498426467
-6.484878963656797
12.459830387242278
-4.012730903306533
17.808274973242987
6.806256505585054
0.6994803140827912
-7.427794242320601
4.086156114860387
9.866709692364338
-8.708815070077208
5.247682077861782
29.022271207601705
-8.516154523526268
1.7804332250109383
14.158292252432318
205.25549925071778
-57.991935017038145
-20.758059573661285
14.405433994832947
-2.143057269702865
0.2987637276332862
8.106418844280654
-16.098440711132525
-17.966858064138876
-29.790900664987475
-15.231658522571934
-5.1521711225560125
-54.438388949046555
49.995547511095936
78.43693470387882
-60.96072937701484
12.754990802171449
-32.50498794650099
-12.088972536949996
43.86148497531428
-1.6717217183525008
20.036438740764993
22.578226359837913
15.506644493271324
22.786617536899882
6.964946032258524
-29.345374140582862
6.832014877508982
-3.4753868776664376
3.3026227355418314
-17.315160440280067
-31.164825622836304
-5.953765513185999
-30.96587132138285
-236.16048310152638
51.856252666034266
-5.765773691384993
79.12002554758448
-46.518088941533335
37.82479640354575
3.1997664333589455
-30.695438758526223
-31.346068057723073
9.910097439469155
21.24694929286278
30.959147253285607
7.634712561619153
10.024795540213916
12.138708118264333
-6.386716218097774
27.360273503090184
-6.295390537116646
23.292447402245557
2.134959318391509
5.349423415960473
-15.663711013873296
-20.517031176053706
-2.105181230231608
26.204395413566544
-8.699869306873723
11.376398884319201
-18.322016665381398
-15.181607930511063
15.587933885862867
-1.4962732054618755
20.63994432572389
0.46552342082225096
75.79277190977217
-113.14632321152015
-151.41596505596658
38.539391574346496
25.484111903863777
-40.68532163958787
64.7051188557254
-46.703281463898804
27.437814244303468
-75.73106524713819
-12.22569340124943
-18.80179770134066
43.413876723836836
126.35925332999682
-4.886661795689292
4.988468208488541
14.89473917587793
17.74904135973094
53.88483169719814
-61.61700658900361
-2.6734080597822754
7.226971384941862
3.763047588609993
17.434501229256966
20.101319457083946
2.1325365614536054
6.526131586141673
-13.173816750213632
20.473471390665054
-7.979896350533977
-2.2223693328942886
-25.460232152785977
0.5434509606422466
-7.436043306768511
-6.268251522933497
9.33528554579101
-1.6273749626263907
6.336632368224912
6.6144932214216965
-19.448892473155524
26.215448342994193
-30.530812868865326
-51.28606823056623
-20.622134174232485
-33.605407795757685
-21.616316214604012
-48.31308737886275
-37.030192772128885
-11.705815691332475
-7.225363970370324
-29.410782536390286
-62.159500726430224
-36.97818573556657
97.93616402755782
-30.432245555792576
-25.492313975363118
-20.52850271330408
-23.224826422687556
-41.23197194413689
-30.544385841642054
-50.22355166156035
1.7735710486325615
10.90221517047371
-11.85834691409815
50.870516484390464
40.08015254810829
251.77522926225606
108.28344687981075
64.68524234076904
48.38326710267461
42.1271395670214
77.4258043580353
61.70158526159889
54.20303529396131
54.38114463596435
21.841776184449714
7.822581168786769
1.0451388955530092
4.361025579959005
27.27874662198326
5.199303633307977
5.0075833998358235
133.3952373790721
0.7554797335686203
15.463522947342938
8.05450049670793
12.374764503767835
12.478910236221282
7.4948821835580475
16.160023218249307
11.36277367480102
81.31434417189462
17.920890805457475
9.415683164339953
19.184084856823006
-4.655190471958235
4.572541868983592
1.915368751052938
-8.701641944674918
7.8338928475823195
19.521939201105283
13.60957873188056
21.672718269768097
16.952522257858732
55.4427455909497
12.703483410989179
12.673968980470022
16.162018909771916
15.88443606182068
20.242441753320463
1.7392573104605162
12.507568471415084
5.281768324901577
-2.3392477799188214
-0.24988806144131104
-3.072306097740295
8.407081613409503
3.09198594540635
-10.376990083059297
7.147061485033191
11.746608019584983
-3.7231396060273028
17.238044202881497
5.496488723505308
12.224228478914483
-3.614953141398189
15.210644893937854
15.716082431078803
-4.2500023774485385
5.436728196374418
11.561846988254047
-11.055307134836767
4.800068675327964
1.863249597159097
-7.937385064737953
7.227606986537921
3.224151764455314
-4.118993162789366
-4.1837100681798916
-10.210255400729125
15.3012609215682
-14.097556176962087
10.832470478194068
2.0874647508398425
7.821875406051618
-6.277940275688252
1.0952978220750538
-6.3504722023612885
-1.0691018675421446
4.53415556135019
-21.801259693974202
-9.483039923235651
16.407570134855234
1.3574932548821153
0.15941958331058004
8.802769314930629
-1.9372472116590416
8.021737750949342
-10.622265890612027
8.998147709941748
-16.07269647731738
14.011571481085298
6.514695353265722
8.58004138421012
7.647420985905114
3.976637615562481
4.591832492424032
9.544952285098475
-9.496754351909033
-8.965121503258956
5.056327743703264
6.838240877115595
0.47910709413145014
4.468273171940609
-0.6339297836658488
4.795418652108992
10.361181326527458
1.3829457103741447
2.1133509876302696
8.36028403370608
-3.0115382658914314
13.136385109332991
2.0746860153959688
2.394118260670325
-9.840859637282165
11.319218870386067
-5.3833878639011346
-8.93539555522392
3.0488066514029697
-13.676503549867618
3.8373925276674754
4.507232599349095
9.757566120089223
3.622953988164795
-7.055577186799212
2.937648998667896
3.265209282165472
8.029821592615349
1.4898685020781386
6.706276006900225
14.519816987254899
0.8933015034616574
-6.9700587314549125
-5.622890561979602
-2.843935313424936
0.706257753938246
-15.720178172073133
11.191442801864525
-6.349212352912332
6.100692089819859
10.380047822075198
-16.76730008640959
2.301337487372848
-0.7381762580122313
-0.6450369558195916
0.7499759092665954
-13.190327417581386
-1.855395348576792
166.43833231144453
-17.943170098835935
16.27346095693281
16.377472057754687
38.76535776956001
29.09371878612569
25.792299972161914
-11.411635494096004
-1.747746571233904
-40.5436882180162
-21.198597306302077
34.1533953880097
-7.328650699572847
19.969158550167094
-0.7390177856931359
15.344593929423581
47.78995119177216
10.538272543793937
13.341438797721366
-0.20342301506423155
5.973373443605169
20.441789618588246
9.345888294167423
6.242989869025109
26.666943562555502
23.23265104184975
7.265031372111423
6.671137995957224
14.607661562706085
3.6623909274982793
20.495219231890985
16.377747656397048
7.722132872032489
108.0050501086082
86.25745358031054
5.191688437146922
4.831073056250261
56.164723729154275
-9.203743776457657
0.5062168873151904
8.477939632905532
26.468069010262866
-8.96265634724324
12.84301315063226
92.12725426076611
265.65121652785604
67.36755368881404
-11.247784294959843
-25.441481077460537
-9.550696229979394
-19.52875373778096
-38.658258718811226
38.792844117471304
-9.387645527379505
7.360158852675852
17.437744082719405
-94.1256451605733
-131.58263895277344
-32.17276317430935
4.068176190684369
-16.205600915273862
30.159463916687514
2.3807865116673383
66.25869288946518
123.24372200901757
6.3010963718421635
2.1093410966499277
12.786885603953124
4.070276216956813
3.522334116370871
1.5793994142943006
0.2914232791192717
51.84047291903329
10.084120752318256
-6.578016416634114
5.3608326519153024
2.556382832185818
-0.24009006023874235
-5.241429376796418
2.6679574823122607
26.099438708406524
2.6426295525398587
-1.4741015675127187
4.236379743134307
11.402716946809733
2.8361558876816844
5.627956070468031
71.94691395509483
7.2710825212243435
-1.2553196299108436
-12.475846781865357
5.337669559220899
13.2596930977777
4.554220697379833
-1.3842020341278385
2.5229882418817624
10.008109954883423
5.896152397042556
11.025733344631647
0.3041208082210005
20.900522746270894
12.739695537238049
7.355686199080196
-18.755912743518138
-12.071561355129006
4.691176789032852
3.7358632658294937
19.15805602931215
-2.4617465634750033
4.873542154225049
6.2452246652657095
-1.8493577581630234
-3.6808219118092325
-19.53995815525832
1.9896103389407926
3.989614629193966
-13.541463787773694
4.633121030956488
-4.9845290564246625
0.23640471984936084
72.37202167008707
67.10647683014099
-4.527149576717761
-3.2628888325197636
-4.055042192324436
0.20783456597450822
-1.37680236434079
8.151012313752574
-6.736195152295522
77.08636701918886
-2.471721571078831
155.3692942605171
115.13459577455524
180.5442702803548
-34.28389791397825
-22.845256513858544
101.70597368759962
-32.162176648749096
-35.08371949315978
-12.33582694769882
9.349709813445997
4.2914596564220915
5.1771223041236
20.75718028577279
6.709281040688779
8.214648481978202
-6.276200694925421
6.027586292379681
-3.400071101290564
80.37043321760723
16.155001035787905
-6.699137083029598
-4.022871067404992
8.786498998321235
32.400780009087384
-66.73949318341289
-10.53604433351046
-38.347765718698156
19.601657601424336
-52.120936626274386
80.87237575081343
6.378653097408289
-18.509866070563533
-8.569583505904859
-29.104178197244835
27.441157524089704
81.49399813058761
-48.778440933197544
-115.50150060697365
-7.051015112290429
-23.688872882154442
7.877857281911247
-22.50525435649206
-15.165228790689639
-33.06534236224451
18.91047670019873
-13.041084160110245
-1.4481546704248558
10.244346773201016
109.05732101538786
5.272969316105446
8.091364783773827
-5.102444206546863
9.423181788118427
8.937710880508178
2.0764150007460103
2.7001648312855195
-3.4264390407589644
-1.413197855183796
1.2789001031045473
-1.4149954708633459
24.486481393294525
92.79395001147935
-61.36029680005407
-54.42146684410699
-27.39133338423909
-36.75259483486258
-3.9607804586982525
-32.883239028792616
35.39569863070528
-22.242391849944056
8.571161488862003
28.2085986617476
14.202464668453047
11.24949586029129
-36.109491414060415
-2.805350734560534
38.14091464464133
5.457100094172688
-3.3069196898732116
-5.602434903110009
-18.660802037522558
57.99468153274029
-27.39260258362117
-10.495824995894168
17.069277449371725
-17.593809121923755
2.8241058364111495
-9.908551362047263
-33.43105114617538
-12.333340844214604
4.234477468632235
28.78454255289944
-26.984454004057113
-19.213288619557034
-31.105273322896892
-14.496200284712359
-18.439887106110632
-35.3462697992569
11.715146395406805
6.943197926317396
-49.61788339559013
-34.88967304047031
-19.51764353867037
-0.017531639508376884
-18.862407863815406
13.16608834690885
4.910198278821554
3.1518634390158695
-22.38798442777096
-21.98934465412276
-60.06963995537404
4.452174160232232
-22.08611408129616
-47.5529368633421
1.5569538991594527
14.642073088640927
16.04911689803845
-13.984424368999214
3.131067934478608
-25.18362260243464
-25.98977531830701
-18.824290920530245
-48.003551008559555
-41.096702504287975
10.62801562721745
-20.71306551582734
10.930165425986559
-0.03333253393657287
-20.244281429882278
12.911262592440323
-17.39837093427218
4.078546662656436
24.14080705019103
7.637713414848349
4.184684396321813
-6.0490810738314735
2.4843656023186895
-6.795674859603821
0.7073972952601935
5.464059912366906
17.138632974401332
-10.137398605016699
22.724875596678032
-33.16143034431167
2.7823853883400034
-6.583330435773462
10.48423073862557
6.606201577580578
-1.8294143338455342
22.60917704349049
2.8938825540166135
21.030185339079253
-19.49441290880418
-21.031894240851443
15.495068850372604
-18.98920247963349
15.040257042696226
-9.67712962805183
12.366757358957614
-3.1281025727613496
-13.173856166518476
158.17495579480186
81.28238919544333
80.14639336843771
-2.156447486880097
10.144500931658285
-12.792093677758487
-17.61558239817623
-42.124032045799254
8.641010795410864
-6.316871563841573
77.8791049296239
-60.42679833116142
13.531038647051105
13.86000499417537
9.472415972247745
-2.4225810574318416
18.820413884860272
13.7766701878694
-6.411932563033304
8.69829409842464
-3.1740239961635552
79.8919999512737
129.23452015148814
262.2327937329301
181.75456841832693
54.5646175691586
109.18335799010015
82.64906767586695
98.95998612019366
92.28850079724577
79.59146667925859
75.86072961294803
79.49561547942494
85.90470429954337
80.16503235808091
75.63835484378751
83.58749959979241
50.57526759572784
126.12290794842284
260.22648461050085
108.12620192462123
165.3817018748514
63.5169403876738
96.3276792221809
79.82683763914417
7.693052467866266
32.55775436757665
127.3885060134096
2.7575258078361458
-6.6901645872378595
1.9792591880119517
-1.6083250468203119
10.607535256898359
6.23770386281808
4.70627794510051
13.652895967592201
64.38541168448762
126.70661364369056
-67.12774730618429
14.029245358028902
16.607195403982644
13.978542731937466
22.963001365040782
37.34811175880429
4.734677138208326
29.79741398932947
29.474084482842272
16.531007491914465
35.05814828405414
79.93919993185813
7.0284661101355255
-18.33295962791999
4.490288538814639
6.438688074289416
-6.073699968058804
-9.996507817424117
11.641059577448459
15.320909636666897
128.46883106159385
36.56013187727535
53.67641396427132
14.876411087979363
-12.069015381666645
129.8124273287749
45.59524483834241
19.19669665384913
-10.89340540684725
3.864044038897873
-11.291855802645557
5.315303608191698
7.412221452844278
-5.752305669220732
13.340053854186635
27.23962226493319
-21.362628922244653
7.545062639182902
-0.733083457786563
-7.206935639283699
63.18109034679378
-19.465778628790872
1.0534837864504425
-16.323767577583112
5.617796283500695
3.936174104428005
13.404281402619404
-7.380181490159032
-6.894965645625064
15.007636438920713
-13.413339333436738
2.9612812575701355
4.0374365877516425
-6.603517761128273
7.855733917991415
-0.1333435386442261
-24.262703723111088
-10.776494780468
-9.577314558476644
-0.39668612166042294
10.054776166484658
3.551599772933173
-1.2480284739293097
-24.285396357931802
4.449839037900404
14.445412130031968
5.499858633902704
5.053024085943662
-9.829674930615909
48.96155037519139
9.055072260186307
15.819738365187732
2.0524476817801656
5.007787596421167
-1.399542905535668
-13.016757787926508
2.452687075295671
25.943977147572582
0.73532753019947
-4.451609408811521
-7.595746241410211
1.8359736644533768
8.67652027455506
5.70747969631168
10.124007773322091
5.4309808564918285
-3.2469888234605833
6.278548756956809
-11.464820602690224
17.355962744616022
0.0949686665429681
18.47716425563783
0.4601564632880013
-5.164660068623959
5.940569912504202
5.997773776387362
7.472798508975416
-1.9796837064495207
8.328418752996242
8.163418281312829
10.581657415755785
-13.394670803266933
15.659228506993543
-5.717000211098593
-2.719599720561064
15.767235615002903
5.817351300311657
2.1690586641608434
-9.462278042083767
34.73600574309495
77.34949905023427
164.37592485717232
94.68912518125626
113.09507054157893
67.93268026605028
49.31335502159391
85.13680403947865
101.52825714902497
75.49045414386535
-5.60628764960984
-1.7419956017095046
-5.748250423693946
-8.60721938754034
14.340020929780167
6.023871297266396
6.579850738851235
9.90911884490356
-8.280163196823082
0.49628268469336945
11.504488476020299
-5.281447821777135
2.1769455488660583
-5.458912918706062
3.445866445282718
10.597890074615293
-10.830602147430113
1.7984112284748335
12.096654814765543
1.0994199835511154
-14.162025061721181
14.333517122894705
2.105554688363327
3.502303720900386
-9.194368154158155
5.468635983689467
0.6643802685322271
15.28297206548109
25.120518216325365
-18.71500790130608
-19.346600214446426
-10.169949483934658
-16.144998529422367
18.44043209744882
104.21262900506622
-8.823655772341965
-6.229257402195685
2.0289874528402834
15.747741247419754
1.1263664147322174
-3.0809682372924954
11.531850233891305
0.8964968680487573
21.140876195213536
-0.3173268312791606
-3.0939287218130858
-6.070036817395078
11.60020198201687
26.418170860316593
7.6368837938733805
24.058797672671005
2.8782345933334454
-15.49016390502345
-2.884353983344795
11.336814681339888
12.112103944612045
10.038215217883476
-8.312561254264892
-9.833278772749168
3.3568962507611104
5.87543993466096
5.386902692605986
-3.173382673168419
7.6669461584772876
5.627274496958648
-4.1497261609956695
3.5077749042742994
3.603234586308531
2.3585668794154344
10.853621133570982
-2.599194100268164
-0.26718465326524665
7.360739346956848
-14.826539924235306
2.3543718810037717
1.4941165798861107
-10.344191815334227
76.06606991623187
80.0731600594005
66.06045891058181
106.72819550965204
62.66230480772549
158.98050341220915
117.86793114034737
82.68097723848831
79.2174240725879
86.03499402196496
91.96208366348401
263.3118662693069
334.25174608360345
5.54819587104771
268.5494367387818
-38.76424257300266
-0.11548840308722674
25.902398159745303
102.71551967870471
5.612014458573412
0.9178390482833834
52.476631823780394
53.1539795361615
-30.997405806529684
187.28223998263263
56.763985251813665
82.722052507883
2.0990201999478586
2.3637684156072964
1.2288236145487872
0.6381443353095051
-0.6800818846234051
3.694738222480396
0.8910409441290312
1.618806718202336
0.7046540978366806
3.023117987259525
3.6869741496672077
64.48274288414586
-30.04120637859677
157.69105653780287
74.79498146183823
1.8699243317305445
-2.702041600031521
15.365384319435293
24.599091036822017
26.447348325961002
188.80369865411444
4.99879455374014
77.39427137568163
-1.5820104178054635
-7.318058324563253
2.974128854900073
10.65471220839504
14.563893556789367
-14.218628684116595
13.113126439190637
5.007698803177391
-7.067875923688746
6.228945167661777
10.159143294742535
3.7322126304160292
27.531645140825788
-7.379051622754105
3.183162077273437
2.97064720212461
0.6691117085127871
5.110280590046841
19.101405375608294
5.403617224562026
-13.379315631821214
-22.155761811819502
-18.505502523973234
15.580711126138453
-10.355856678468115
2.4230375481719193
15.057450398985395
4.401043309341276
60.16836638729302
-48.652645833165934
9.767459366227513
8.518299744597925
87.80903040248774
259.22583170085306
78.47676435377184
102.56644882993254
52.817001146601
84.32030039432414
111.10670697882807
90.24557005578492
92.86617830151289
71.32436452930051
161.6637283914062
74.52008002796322
63.89625356808267
172.29901416443954
86.72667465655582
262.35371962914905
87.1255418487334
97.65661093903373
113.38530027401646
68.97370053776149
-34.038451102409226
17.20429544711783
23.745865151630028
49.67785202244875
65.21130107274723
43.50547640309867
57.78484151538538
58.937907422692206
-35.265435191034555
3.947978102689717
5.638956436677631
80.48357091757339
-36.357665147846944
102.59913033828622
-42.23678394273145
13.653283158326929
-4.475502686314826
12.8941279017929
5.4628722185779
3.7317504476534396
-5.164149538954291
4.012720053502335
-0.22436662548193453
-6.5740788264239995
-19.341071763675814
7.086297504726417
-7.8135907871009636
4.288243668708219
10.064058351584436
17.09443603354805
13.270429373105799
80.08885487516233
-0.5263715223994154
15.181454296944594
-10.083645898644477
-1.2042280942416141
11.339560868109174
8.682926690319789
0.7853700678798532
12.487350989989977
7.776449074122013
0.10875442946706926
78.00236659908069
-28.889044235242466
-9.34332958919697
2.3849334426254245
73.7225352042409
0.9611857501027998
11.957304196071448
-12.442312448325197
115.43569611935936
1.2065168778658517
-11.98927928912542
2.2715107377332515
12.75178607167254
14.357160703165846
75.4108901088369
-4.099275084738792
7.382785284724832
-1.6234424322537961
76.55861013922942
11.40182013523281
-10.14965988297098
-1.590154040415939
-7.454885152469501
12.040396719423597
5.833745555737323
8.463633754147622
6.748690372946157
5.685410394664132
-5.960634809254998
12.074855824366296
9.924027872169518
5.4536065770671485
84.83936027653027
-11.592496556203002
-2.9551115424888508
-5.469680506209102
6.69985406510682
3.3807721890834728
7.067112957872496
-7.706513667885304
-0.4727030536065513
17.427033161290865
11.334764388217366
-4.284459816999515
-19.702371777739472
8.873549466944723
8.775703424888434
-10.253466396461988
-3.8132724712019694
-14.827395144323077
-18.97208974904089
-0.8895055776150116
5.3598690258747865
7.26628546754273
18.96653615483592
-6.6478910157816244
-2.576195852218916
-20.319129730017494
17.392936505576245
16.472214866186732
72.91420876260133
161.66509557406152
70.02277033951168
88.12734091164089
265.0274937813283
83.25400794710481
53.66628639406599
116.50130724648352
72.66227213859338
89.87399026496348
-3.2967631705412828
40.59393139731543
5.7148227916839005
6.915577119140153
-7.585401461587878
-4.67537922125598
-0.09355580528131213
18.507040780679063
-1.8673636500775501
-1.1250886169633532
1.4463908882564738
-134.13737928019782
-1.0280555351734506
21.855525903681666
20.847387619498875
6.0617666755767345
3.274199824501977
-17.46276015773583
43.926478154879874
50.76188610612098
26.42625327110113
33.917073718908796
292.70862934888464
23.095117664977806
12.743483104719758
-2.7101279959038607
220.60151050987213
-134.26025734047425
-166.28127428032957
-161.78973997558683
-175.1558208566384
-159.49594153360692
-162.11805937664343
-171.78981214016267
-178.9215799231216
-178.5946816718785
2.7218993965967115
-70.98878812552687
-109.49525106168966
-128.6792524974225
-46.47494783092276
128.01041343002282
-69.8613452643184
-135.10854033555552
-113.66106967208327
-131.6074176421194
-141.16770362996266
-105.7879632648237
-149.25679428982733
-146.82520215114596
-18.206672288406253
-33.24365984582988
-34.43226639052034
-38.38488302367222
31.56081705047751
-37.250216196435304
-6.637280284232702
-10.58471434152898
-1.7808084782188303
-18.485109360328124
-18.13480559785097
10.567493466840915
-32.12192468554855
-0.3436038738050229
2.3597555907819014
-10.766513271635858
16.05158766222098
4.155227536513166
-7.96167753492449
-39.916831552503425
0.43833683475759244
6.58778514705898
-1.4765521686194347
6.2433941323783415
-10.300300652107808
10.585273139039373
-39.25361910163622
-18.826309916407524
13.453084682585484
13.03651152214394
-35.23784716213038
-1.5081415079774274
-22.628141096434888
-19.172297207801932
-36.24411599293944
-6.91483243552301
-31.804639090547028
3.2842111963261686
12.003248957460414
-19.07821936417747
4.939272791603116
11.531598072982945
-5.157261385583752
-7.388798176647015
-17.87604738579381
11.69545911641626
11.069639267483353
-24.746261366882152
-11.259486220023973
4.523713807518732
-43.94902304072485
-15.086547665928151
3.682275374302776
-30.387940003437336
82.07280705926257
-3.5128143583484643
-4.168347027542438
13.494617393183717
-9.106464609730779
10.164957323736132
-2.6402238706269827
-6.230470916306729
6.229721276301234
-4.235196433230328
3.3215449581127814
0.09220689954150885
-10.00692314200694
1.3644002392188668
5.55920687439442
4.932714804048771
9.878861668340164
-13.084669740561822
4.541389058672735
1.4824719794505654
9.833193828042681
0.8043717589179096
16.56829347144094
261.72476089161023
182.51794071124658
58.88470992121836
87.0538153258243
80.07029873526028
119.39939613664751
75.82190182534873
-2.411788747571279
-0.8526426086515926
4.84495679460656
8.235904529141067
-3.849655125961988
5.341482791711201
0.06755091980176076
7.095696002981697
1.4579876104003233
-3.6702747435350602
4.404305581498761
2.414160057419849
2.105644294488229
-0.3718045518532449
2.0587350684990042
-1.192558187376676
-0.7659542725467645
1.8031248676307996
4.6059691933589875
5.315907908070642
8.537315138366239
1.708908591790589
63.160222678326704
85.43185864940034
259.385120546127
84.46436908318998
70.24527962511684
106.54271613286926
120.61386792669413
88.50503903888256
58.82319597905962
117.90299961250639
175.07024123777347
59.93644955441084
75.5245357558386
116.18998330175464
67.03294072990843
81.1548281227208
83.13650102009524
264.9289909754856
181.44947508693366
69.41999536658136
116.4102891860872
60.47874469994201
43.233134612007234
52.39384445688927
71.1255220553723
106.50532793840296
13.966878427293295
23.831544281464062
-23.48877898265613
61.122185761242065
16.298793308610698
-4.842624666726579
5.61051317995134
3.6214212770565837
10.305754955584234
3.5777564348670694
5.878188835642277
15.519817259044999
19.207911764559526
-8.006508791714396
4.372316741218015
3.0788379939133392
18.118198416457176
-3.3348736123653566
3.541256743739382
-2.9799140355631835
-6.638697368314467
-20.376905666201083
-10.263264875679909
10.521161703790995
10.513257305140883
-8.984203555485806
-18.17886694099957
-13.261569768518996
26.386696132335146
-20.514926497123497
4.645336926394236
-5.8360042696097025
8.90286754313081
-5.547792167253874
-33.67511950301309
2.5744165384292046
-14.442992268607497
-6.010440109345552
-21.592167218763677
52.37900872047942
94.00194841776727
85.94614489551668
90.64084099303943
69.55211862370152
99.31271855459681
118.56365974291566
54.92823747656848
166.00738379622544
105.7812777065999
261.1780144158165
86.2185241751697
-2.2603440945204056
-0.18830245852666394
-0.4498223530574137
1.3816140252397417
4.047494004553641
2.2536430183882885
0.3574187191287592
-36.69241382567213
0.3146599458802939
-0.44720642199649774
-0.21858593952742922
1.0710148076361747
1.5204731852276723
-57.548153884250155
11.775600146245154
0.1481013674232372
29.64283902915156
-3.217207959121424
10.984907383546897
-1.5503044314466479
-0.3602445289282059
81.02265236603131
11.706682474694958
-11.17717997889497
16.907413900941208
6.958945969251204
69.34509793393357
1.6126564018737781
-8.609135169293836
2.0637512655387695
-0.9065084291684684
0.44984997343328814
1.8321075749973943
6.337177418653653
3.982009455333582
-1.420535846043208
6.5361476442916455
6.260270030305605
0.9761523728204224
3.9457376225075222
-2.0497649074171136
3.4990821229587254
3.8137560908637056
0.7586982681320933
0.06796332947959627
1.6777545295175855
6.713641880061687
1.500424549468903
2.437601224599746
-17.689789675246402
84.65869322157079
56.0594367441401
81.4821027154299
102.51392939066784
40.30381624844722
100.40008915659513
-21.78387056323686
5.626537061443514
12.648293614381714
-7.053022957919552
-11.327768641521118
-0.8650968302528668
-5.567975167770044
15.423013751676308
12.180361779909163
-0.5807885500116754
0.30137934193817273
3.6933913196077697
-2.6467787846269175
77.25751677044337
1.3067554817537257
1.8702820784892538
-5.540813979803659
42.56064357575076
47.075334794274625
58.13442642602513
55.03479765699865
62.41013634846661
44.68170235345798
57.12089355760696
129.45254284961084
43.41971259505448
2.4373900591867823
28.76345791356232
5.643163568434375
53.923362081225264
231.76100657165716
162.05490680894354
13.745765342848472
3.3306435394838445
-14.134984538747915
-32.91985922210398
11.90848142437926
64.01032438405946
-8.10223240039818
4.215655205714711
7.056760757483858
-0.1826765316569663
0.39645613801695845
1.4098136797177858
2.505868473531166
-0.18357766606288806
1.545446519235952
2.9686363755671437
4.6299964099670206
2.3378096711317653
-0.2325173652481567
0.2505853044236801
0.9670410962610276
96.79907930825038
103.15081185243105
172.27615548584345
87.83570294536685
77.23874276292986
264.043447397451
82.04542269574927
63.346008604930375
47.72066321859211
107.51385514505546
76.902826618424
5.697383830519698
126.19604221342638
65.1751885844078
111.3332094336206
-45.51031803366254
10.736138288201118
4.820240078778511
-9.147521747599399
-35.109103609798865
3.614908640178271
-36.022765960748984
-17.698681023330323
1.16628981377346
19.59957808430903
-23.105038648414677
-8.806227194716314
-6.966757852079354
-17.65863454091965
-12.137635986968235
-9.04753174687869
-12.32760874410485
-8.687923844044178
0.48098110854283505
-16.938806140765905
28.92661024063574
-20.375208942261338
-16.13126273896637
-15.687134814566775
-1.4136239292357686
-1.6819235233887753
-12.113046014204429
-15.988335356284779
-3.1618859724104027
-14.25387515911575
-15.77697835510827
-12.904487531422774
-26.92924103666303
-16.29451498486725
-29.162320046729803
-3.210015078016397
-57.09029823107136
3.7792847550639976
-5.506143259357145
-27.2552250915312
0.6663678230717665
-9.720675061190377
3.309219846274459
-4.790950104148976
-6.9758672912169
-10.595697331535007
-19.893104237930856
-7.615791488658147
4.451845734384676
-23.4544728893228
-18.90552204318965
-1.7635225745107732
-11.306974619981531
-13.731358004523827
1.326788839163271
-4.146283033757413
-20.549147296578155
-8.34800114337179
6.995762449598601
-6.806185143491859
-6.04170095540394
-16.50199134824686
12.50494188663049
-4.627106483521402
4.552093544444517
9.009855332918107
1.1754377145638841
6.633412193797085
-0.05076802003071634
-3.5860187681169577
5.388744717229088
3.2638422885787577
6.031735947384163
1.1407540712344257
-11.18483579811118
3.6513954388360617
-4.556187087124783
13.032634872329083
7.528106023247631
19.668797684489846
7.725015378714829
7.991605029261791
-0.9550020358700522
-11.454927628241819
1.7250371958486994
-0.6196463811575654
2.8911225911158454
-11.466696014532033
5.170126140630032
-5.853700562350014
4.936136111444512
4.228526032849231
-2.988340682425587
-7.404411347528537
-21.018983066361386
13.482423206307999
3.082261175977294
9.446695228164856
-3.5550077429664384
6.483933054136742
-7.145842902153561
3.486289051436245
-5.482848851166125
2.5198532932014928
0.3850200734602822
7.172786975220106
4.747749233470074
2.9237856126952693
6.5596773960051
2.5306227991036963
0.5006499039099026
3.04718262497488
-2.3544373256928566
6.304820676886152
-9.778409753199469
10.052865806285126
3.883017461879433
-5.951871514701224
2.745724051600405
-0.9060849200279222
0.5497198477080474
19.605153989894234
6.701126411815494
15.396922860003201
2.590441187549459
-8.393350655285872
5.774035539911097
5.4329510184811625
4.575549019997254
-18.026754235765907
-10.777734431563204
5.160664949255647
6.503241509023383
16.306232053265376
23.506342966042666
4.23830046243512
4.101382619026651
-13.119700012294459
3.663754186754545
-8.01066454590051
-4.727687997853252
9.875351073498223
1.589207028449266
-84.90135152880191
8.180227617159176
-3.9737493843838934
2.682518216189237
15.341523179537717
11.755757396074046
-0.1115683785420174
-1.545628447095794
1.11315789495859
-1.986491371615557
71.57172801403806
40.01076640563508
44.07148522329692
47.651042009958815
44.48756155927964
37.561849241891935
117.30593011662154
-20.93493481028503
193.40875604447393
-66.1404581471565
171.81072825393102
-115.6219829300361
-32.04612501674592
10.932563773689765
22.390162707046613
-37.12996642183157
-0.06364835732597385
13.806249436962844
31.90930054640728
15.959604422052735
39.69341260562794
13.081297708438797
6.960202213243633
-21.382636505876462
-2.9920367189372428
-60.1094178876707
-7.917999655767403
-17.323037726271195
28.45796007878829
-22.35979006047296
9.783901959185187
-3.1492711914414144
6.511819302609069
82.11384105335736
-17.79800467503952
-26.067455592428644
-26.817740366508815
-43.64482075528912
-7.563632012161577
-5.855506945075263
-8.045894427176506
20.41600440457256
-19.30487229317174
7.786901109612586
11.235144943022533
29.530700254071007
-50.974005387737634
-6.219815656055346
-40.26480815061416
35.09647912928705
-8.327967202137074
26.947410082173974
-1.6368178136640381
32.944031774584005
-3.9119759584197027
24.1611652918225
11.85053468104627
5.8030696901789725
22.417096899816613
-29.442470972541855
-11.460983035557433
-12.017329145736824
28.02843039244692
-30.181530394981735
18.75321219240567
-23.195673249625884
10.94939050557457
1.5654861772664503
-5.017635538346326
25.459010611905114
-27.410650869470544
3.505069108270561
11.12880880015905
100.90222126747034
70.76001888981102
34.374923989494164
0.5387201153960746
-13.878579020940037
10.8311162865636
13.166223380956922
3.5524816735992886
6.430036282295191
-5.46656080780275
-17.862151560466828
13.375796768440921
-1.2041674740929125
31.67678599451324
17.223584861032123
-12.321668956832355
3.971657270187677
23.963096074604096
2.603283640934194
-2.6795183537892058
-50.52738261540105
-44.123319919539824
-20.226761570115855
-14.657366565671055
-39.962737464063935
5.665303983185311
-56.08591136965077
-44.729195689619985
-6.241642018732534
8.323855027123784
-3.9490036201576686
4.330744393897305
4.1790758251108855
-31.239706798948646
-14.485104612464625
7.283188516116297
-45.55305731731141
64.01502420315552
-29.55237045057737
-23.513423387309444
-3.4986306220664005
-23.309067518202312
-13.771334498545684
-68.53741747244737
-24.163778889066407
-29.019372888024577
-20.75070301472209
81.90842177533835
-4.452889806984729
-11.943521650132595
-18.471492718620766
-2.5097709173739986
-40.08814475237301
34.85896044378421
-39.60683016988196
-15.870787679528064
-38.79192667741256
-17.069919503411484
-5.089983987979622
-11.255750833782201
-10.180285901158982
0.04788872358773233
-8.886079300034908
-60.3827894283358
-20.740350734210324
17.15113129328114
60.82626700007063
-14.826829496280368
14.918739961987853
-22.609077770544843
25.055244816375705
-65.11567626713617
-60.616875543516926
-11.643012251505922
-29.434462808774583
-38.554895139272276
-38.59090685188636
-16.42167563170375
11.824059462775494
-2.844180063897909
78.8198059758837
-24.3621833428233
8.408492495950554
-25.004235086731512
-15.006791439822734
-4.706013547107773
-4.258235258079765
-16.568657089521594
-1.2891987154239928
1.7317306754590618
-19.930435499380565
28.54779098495021
-22.906455810406783
-14.193714996049323
-10.899457568962475
2.272232151211824
-18.80901043672077
193.26777816431235
84.53514351846223
97.50488770562515
51.334163746801266
-23.755793910388093
-19.802379391743614
-23.418892340645186
20.266095847020893
-11.680519778928158
-11.618289177202485
144.0616482246357
-83.48573254647403
-31.683009338665613
1.3997094156308094
-21.84779326010141
17.976062358415902
-4.929051618234098
-13.641590585978065
-8.246034848784916
-10.290149106492095
-30.709921767999106
8.71708745647112
-45.39111434630195
-16.680325912057754
70.28530941992034
-3.623928427266833
5.764410012321548
-55.01424881402647
-22.222445911185503
11.821468899507977
62.19114923146594
-73.54134816249564
-81.56196615248331
-16.685065280937295
-40.88349055765627
15.692920464036888
-11.319523347850975
182.94648753698658
-4.765811970264394
-23.542959240935943
-22.612786495583578
27.25625473735039
13.072262848348089
88.36930295972047
-63.286132736702655
73.42472679592476
10.776775883449204
-49.25778967402914
-1.0552340841190926
35.28508219250796
2.738274728695899
78.70111738244259
0.8947937745954846
0.87180950772904
-0.05363194867675247
-20.106480879278422
2.2661568520235846
-7.98157738695852
82.46028102014236
2.058579098254654
-1.2313495351782535
-39.921364141556126
6.867437307264822
-26.714095937856086
3.995733988087295
-2.0774554558715863
-31.295343979799895
-18.990274153638836
64.16113393487626
-39.949268353954665
19.750596086263215
6.461251886898253
-27.415350870247664
2.2770632434686036
62.10533904645979
-6.02678312848991
-19.7101821509836
-16.17766451348399
-5.43066375068463
-11.198643986236334
-10.160830327899419
27.64685783396942
-3.0483188405337387
-10.00830158295065
-38.6615072302493
-4.9251498612211435
17.672125879770363
-10.119682833072318
-38.36765516379717
59.431874187823894
-59.85405584585436
-29.99384984230801
18.207085234509577
1.230922818896147
-5.063635645499971
-28.24372300667443
47.3872051161332
-10.594706025843266
-11.368347693072565
-12.868716041975347
-26.447426286455823
-29.050232419918245
20.005584845768453
11.276550317533008
-14.681547809025915
-28.805384050928296
3.255949923627327
10.560838618935009
13.650312356957897
-14.970463702549523
1.9841235097121057
14.158116060488169
61.46828430262252
-0.8793628788216097
0.3615743600338419
-39.182207998272304
52.47998314291965
-10.335034461572661
-11.550059416243698
-14.64459269713916
11.705697463188017
6.321058955903311
-7.2239129473653065
-18.626593914773196
-6.219159041977548
0.4659213204453181
80.50110301808519
9.063934277739236
-8.015555173680127
-5.466757724101569
8.134782834837097
-7.982168398708382
-15.70347391760231
-16.300919682858193
3.2133520056532916
-5.0304050213703135
11.697126663871131
78.58436060216457
4.139786500449873
-5.6778806496622
-30.368182694317568
-11.837534833820314
-20.090878006371383
-19.16517007158825
0.73669157493498
3.412749736989781
5.711106482270338
-20.425387534998038
3.3606446440127797
11.21641368637961
5.655415276208885
-13.294255279240303
-20.99572256660639
16.151876714461253
73.59168022401235
-37.53323400921022
-10.827213789970926
2.5494397881843724
-8.694837260906354
16.466480163147253
-2.6821430240447057
72.88124553278737
-24.08583557883958
-1.4855174309592485
0.7415940126339251
-9.238134704787115
-0.700914828869486
-13.992797290815474
-11.1858851124112
2.822621077213114
2.258786091840534
-6.004261234308103
-4.05114786344609
-28.80234386254199
-19.53481192934356
-7.246954923633041
71.56633676735396
-3.9410690163641675
12.150110292709542
1.0226362517385041
-5.589431832990897
-5.712361254723362
38.3458694393305
-1.972431329264623
7.004799481002124
-8.656258741734064
-28.353809897881376
5.449550931720523
80.42245685699908
3.939608943111125
15.721769079262117
18.301594396558016
69.1829873425491
-52.09094312759203
7.783281465068399
-27.394824349445003
29.958094813296725
46.499933079054415
-52.20050864781115
-24.22649208334252
26.165104312991502
11.292562116595889
13.248593529064749
0.421076145285042
-8.369020531400338
8.650021616654897
-2.7363442627931818
-66.91678771839139
1.438959951431798
-67.36771577940692
4.811275695584754
-10.239606534755126
5.604866495702822
77.00956197487005
-15.301047201403208
-10.660331440193886
4.880339175421682
2.1461864693659436
-4.936665897569696
10.232600640282271
-11.833601709879417
4.857370036456871
1.2749465962592694
-5.6603614249548855
81.52211843748142
-3.6145562223322827
1.9614809278384655
5.067483410206137
7.930939640491204
-7.70267507452121
7.563662582409961
-0.17696975525916514
17.361520762314
-0.12515337220804668
-13.34474716863383
16.588097600727338
-6.4155227701524495
18.73127013536987
-16.58551614623616
14.268932963170869
0.9360769147964447
2.6774840947988423
16.133463697455795
6.814600489681538
-5.894215926693562
1.8651858532549568
0.7768656874882254
-2.7606894322417475
-5.860320580099028
3.838702434792026
15.01335191716987
-6.139362707605073
-14.8123654239713
8.53334227099515
11.420569721877996
-15.002116391976983
-7.534913358727579
12.565180063285652
-3.8191347107751312
2.5160946368530404
-8.071728244218718
2.1305364131691817
8.405560450769201
-4.254102720307742
1.061128255423057
-7.0640231116728955
6.06225808572151
-14.294846864238366
-3.2628990677134766
11.114070501502567
-3.140819337530843
9.210945620798498
0.6509200653015341
11.703077306821683
-9.745810390768895
-12.791938803471794
12.328777045035736
7.665977592665342
0.3104678518654964
-39.914568956834216
-13.287456640773826
-5.582220318668249
8.236035712464115
8.714569536683882
7.385161117789494
4.258583308738707
-1.8239386326195017
3.580435978664582
-9.065209462212522
1.633449721353827
15.821895091597867
-6.2711498908252
11.627191971670868
-10.55596260760018
13.227953503679714
5.219812916833689
-15.07962824005142
-5.38178001246348
80.70314850202612
14.248607356143566
5.99566177962123
72.58590541818126
-40.81535444077139
32.2673060474076
-64.37351968199175
-11.907277454070481
-36.187586610714675
11.71291562384539
-7.095815552463193
-41.291998597923794
18.852466577953805
0.03586924321928109
-13.93131511501565
6.711216628712975
1.423885976933434
30.95787009359276
34.497287699828576
-11.019323039444316
15.814411608390856
14.919624019063974
12.97057362497253
21.7295162888106
-29.50863201346067
-2.4116291070579337
50.50092381536274
15.839196046056088
31.984225212018657
47.158301245808616
-2.061717416578233
3.548437341166732
-10.73757571115459
24.842657751961553
22.581754822208154
104.63856134905973
-20.41830529721409
35.899550027127134
6.543070898222652
0.8374345318019891
8.419575733336387
4.060348506402761
9.599032214086833
-4.1970287385929055
89.913202651436
-28.947227499714586
-0.8542981528725591
24.513154134154377
35.472787868872956
-36.207193255168534
23.002868292009623
-13.113914337879237
0.9049908843651338
0.2334369696570775
-45.321570090486034
-51.115184564019955
3.7167983938458065
19.43821553560423
-58.43345931040545
18.604402075850885
-3.0314281399046195
2.45050409309124
1.823150775814156
-38.4636909275423
2.9974840298932577
-2.437268328860341
-8.487468843560691
19.069678813503174
2.075036110240319
-10.40344334745646
1.621926842317066
6.81191065973951
0.6075703206342951
-0.4551652043601848
0.8663895937698953
-0.4217235955485421
-10.527567126278768
0.2008293443270759
10.800271638597508
2.861004379023825
1.3051388394650871
0.03857207178646149
4.4655522628424364
3.3449986870522253
-21.17859696190129
6.431288473478617
160.00495923992912
118.83673158144711
90.07220985250092
44.03324366565403
127.66558160420846
69.97591375997536
-1.5223730013152021
2.8764389732438076
2.2890861287154394
2.3840961474254527
2.251846269041721
8.856912273642251
1.0407723524207313
-19.618706091658794
9.388835821361113
-1.066790340433954
1.7701690683123275
-0.6084867536593492
3.928717090520081
7.8302894720023914
2.397559433238655
1.3573728957008484
3.8899895915050706
1.312655363191027
0.06586629045443715
0.8381395664782758
-1.796978666086659
0.2881690000913295
3.642284998366506
-0.15364203954914046
3.011683553254784
5.918388355792786
-0.2514600751489411
0.85315232859557
3.6886183846152676
0.05635763557586415
-2.374110701916152
-12.504671868721573
1.433097678999502
0.9430673419483355
5.493812819810387
1.8600884847579664
5.592663266136356
9.373373585470631
2.518819089246449
2.9214952723039005
-0.6011918394389681
0.6818819701034613
-0.1531110487795786
-1.279430180577549
-1.588540621594234
-17.403857293872136
-3.6890218938381167
-1.7648448650971318
2.1312089483462273
-6.749388607176172
-1.7539222937415389
1.1408406536747862
-11.91571858858265
21.32339640068733
2.337887587493526
157.1287397344734
128.2482882591699
261.97115840549617
73.34352142551722
81.84502295338143
99.10284681943233
19.0354780574462
90.96813926906674
8.9507875794327
-43.48159170297322
-64.00213061365753
72.83058031613325
-39.95072180032065
167.5437534418861
79.15362911445794
71.53576608450726
87.65957551041794
96.24142476723165
101.9975060823275
72.70366768506108
114.00017248103916
262.62764765549235
50.50601463118596
80.26928193243464
263.1647059439223
112.01364909706183
81.25780807312128
99.81815389498092
53.14958517121181
19.202137895396504
86.93452005617434
23.514617553456105
35.09525367186791
22.346155859375813
23.156091712657144
-2.8677776470733534
0.27481859805510567
0.4091841950819912
-4.691345828735507
1.2279192916672628
3.0564199890741293
-0.8092798116249469
2.7116943641851776
1.4997536251735255
-0.7581926655145708
1.389582617990186
-0.828471657634168
0.7824985819091808
0.5135149188585615
-1.8101247988826685
4.686247981707197
-0.42066231496397677
-0.2660390261404473
0.9509424558823412
-1.8782705771452584
-3.0607109960620846
2.1136899092458634
-1.5649019149421974
0.6165267627511639
2.4134211145459403
3.1686826279084244
-1.6171733007596458
-0.10336312826569838
2.004506073368418
-0.4229529899362774
0.8177995342970235
2.733425730210797
4.317278476814636
6.118568856803904
2.0037765335759445
2.2363219332871154
3.2991827877659716
2.867630210364098
0.7211644221281972
2.825321425352172
-1.8557430019685626
2.1467822314564273
2.5132199174264542
-1.0577467355659564
-12.454466332957793
116.02247558882004
69.24930848502163
85.92533503245306
80.63064965761589
98.87482810680422
71.98020306290277
155.06390130457203
76.01749948773568
83.13068837354297
260.4122318969221
4.762962597729029
-2.1023868094465
2.4798285657008137
3.0804759367069323
2.3989620628415196
1.234631305190419
2.143756809491663
-5.665718341208731
3.914848439823004
0.4476434913156595
2.1710787885921263
0.6814244852099023
1.5661818476888811
1.1204750662126912
0.4740875092384158
1.508586028380762
4.8266058081634355
1.3879268511525424
4.074854493049543
-4.648008057121103
-10.210584160247492
3.4491640857416996
-3.6521064633347464
-2.1194371296169834
2.3214067398063776
4.696146701515886
2.929402732220467
0.2894946042625861
0.36155125752134154
4.1013097729317565
3.4083112045312873
1.3434342013637774
-2.7691785579157795
-1.1319657070565654
1.8883482765320423
-7.829968188913654
3.674313075057796
-1.0875182230400924
-0.7752555618151291
1.1336047267124059
-2.213103780397603
2.2483375008039843
0.730618994854467
4.027061595774171
-6.615239476191732
0.6348782968794922
6.4142789472502955
0.418036611897719
2.6539283659959096
1.9157439871677866
-0.4257803910359712
0.7134179790149346
1.0673179660723235
4.8885528727952305
3.5401823055404975
-6.366102575491368
-0.37466557185689453
2.589879909868614
136.802930819523
121.54587609461521
64.75586622051969
85.17378230712825
169.8700468349989
104.00114869394815
127.27485586420971
67.95295440115069
72.90379336547119
66.22481994478358
115.9257713623565
76.23934158399015
260.80686830616287
152.43604178338046
76.34891439364458
113.84691923259425
74.90025012732701
104.67898199961996
1.6601956454430251
-0.794075837271464
0.20436433326369752
2.8825293308773894
-1.518129226153519
1.8474181458046814
0.4434989639679543
3.9592457184986642
2.514605662584472
-0.07561084681117336
0.4267120485454825
4.352034772862908
-1.9579121489321096
-0.6286769008613646
2.771670658508242
-6.761089453635805
3.749707248731795
10.914294898615879
1.8958419371704167
-1.986890971490368
1.5146745079183574
5.074899353833985
-0.8043009064195985
3.669709057866612
1.3765940903821274
-1.4617224090918057
2.907423752009663
-1.1259850149367026
-2.4474828670054194
-1.622721406875712
1.7719137305712138
1.7460070434935915
2.9996632333962907
-1.6363617723988568
2.849334448056652
-0.5500118765573916
3.390311435771821
2.8651031645367766
-3.984565006719322
0.40663611930733623
1.5538702067897248
0.020228513633128387
-0.7298094195405724
-0.021881827293952938
26.566522014060354
161.7987207831602
103.59454090470581
112.18000234567899
65.4047808679311
77.68778894364868
106.46733038151649
80.33588373034479
83.26371603057237
98.2518013256929
58.20791633398812
1.316881863508229
3.067825014645223
3.9354008105498224
1.5108469885503837
-0.3363894853475813
1.8152669689869754
0.5695115459956241
-0.493457153304405
-3.2685301473122763
1.2314940392604399
-3.4240207534278966
1.6775775077445587
0.41662966280114233
0.08818580762016381
-1.6644134946238864
2.0057851202743677
-2.1404238941239555
-2.6329052293749555
-0.9174425467114702
2.844106646621526
3.249140266901918
4.146353224102711
-0.6998525126626305
-2.4772365154392446
-3.5048674924390184
1.2658865249396172
2.1343897462818404
-1.3862686786059726
1.0832660537199672
-0.9485320503433172
-2.153500652599348
0.9246348506816275
0.630493692023606
2.396033021142557
-0.13979627496087232
-2.268018083868469
-0.10183621283022148
1.5509136057825117
-0.4630625687055385
-1.5299729999622969
2.9287340241132824
1.600202599285069
0.09314397076656178
0.23549188178083114
2.541305007361302
1.3434257093941824
-2.343693008029277
0.5655458608394497
0.8800308091418287
-1.6169654813422198
5.060362042292354
0.39378550605164264
4.871154340518842
3.6920322440766995
-63.291508379927166
0.32855921826228496
1.2037155198240725
-1.8430120847473859
-2.894505459464199
3.2933179833271424
-0.7647007957117467
0.14567482232041584
2.015352368222125
-0.4232865998204147
-1.7547582627556721
2.4222153517741845
1.856036786469133
-0.27339259416578443
1.7456457034004984
1.683317587716715
1.641443196699015
2.759301475948746
-0.3559907637343258
-1.2729465956515469
-0.8387768785052003
-0.5717362784831153
1.055491904483688
0.3004094184879591
0.6530721298896083
-6.914439289793108
2.805591006303416
-5.611827929405479
-1.9493733800503605
-4.884659987259511
1.0515539069874649
0.8315905074733223
-1.4513544243089882
4.412644527757891
0.7076710229211471
3.568269741522954
-2.261342797338159
3.0720651644361396
0.06440078433445251
-2.6543152537346373
4.00724263596976
4.34685846300556
4.195144092094324
2.7933038321976937
-2.126396247414391
0.685381757745688
-0.8647593625662466
-4.186063734522804
1.8375948780842464
0.023123619602301915
-0.047155867786500494
-1.3596761250834106
-3.1641880965659084
2.9103916919591484
1.6504648482837183
-0.43202784925028936
0.6271947402411797
3.1686139423029545
0.13369159775947992
1.1894606347697163
0.33288347569890675
-1.9409538766517471
-0.12310578785684356
-1.2339990859669001
-1.0380299912281998
-3.8807743176021177
3.0450025068740274
-0.5360982330108754
1.5823110969712388
-1.9975182916971903
0.8923795993789554
0.3248894786599408
-0.8151967392052484
1.0883338392422957
-1.8615284764545663
-0.4158823112774712
-2.5563324412089514
3.1902611233608695
-1.6499254096452773
-1.73302945175368
-5.551796920674178
0.5108989597939058
1.4429298663869758
-1.5238831356658125
0.4726140391862259
3.1735152801869617
-0.41232120320438526
1.3872596629793748
0.7972110240575603
-0.10391623465955035
-1.1830875834536982
-0.613996984000039
0.36058508972013215
1.168233206591367
1.7021319464771523
-1.215744323930835
1.8356716948837857
0.43117918559636337
-2.815706498479301
-0.36647028753094446
0.2636022233111248
2.9310770280548013
1.072309038753076
2.4924492713839754
-4.4457931678120985
-11.126626539647589
71.93468535680358
71.45214110440327
73.56210574119132
263.25657696245435
79.89835337915906
-3.111966154203685
2.707984860438728
12.291878433252919
171.31726458745743
82.83812405902927
-7.479528564736995
-82.28617543108027
17.056668825352915
-5.154494230959301
-6.88333884022245
165.61378035025223
-1.5352095861379667
-1.6004781558852983
3.933389339031578
2.4260153108418194
7.157368989524798
-6.725838976249861
-0.2417102193910523
1.8863104630590897
-0.3454900186098371
1.5636351169108025
-1.5531835984625104
2.0232047115514433
2.3876585356194937
1.047089025778405
3.03235496816626
0.7101280776093972
0.872526918223798
2.565977857242842
0.7665601397353043
2.5532642076251477
0.11489917589244669
4.286526418456617
-1.576978988983626
-0.97950256427265
0.21320232299405006
1.3910818282822675
0.9748345286319591
0.14842739450909903
-0.7999022436574705
3.2739693371431713
-0.852649737527031
-4.099858543415621
0.7000564760832617
1.4097969185822308
1.4200610020659497
-2.4255898303701997
-0.751100006703382
1.640823768305495
0.7999854379394264
-1.2176234829661325
-3.718475247198512
-0.7801708427730887
-4.428746354446048
-3.795478858624392
0.47818890574285433
-2.8484034220437024
1.9858606557711482
0.6460928004428297
3.0517740731661434
1.5828525754961902
-1.6971182601475334
-0.01662973150672542
3.553534111809654
2.7115237120187317
-4.325694387155181
7.2568118743934065
0.1937366223457957
7.119181235311771
4.163203713027883
4.523284416399065
-1.0996535928305775
-2.1421808560702402
1.030292636503816
-2.02994722578552
1.423880937917943
-1.644011532343086
95.72620596267416
77.92637514870648
83.76991735066736
83.21133400513543
95.37508004345943
60.89337469492648
122.84981783942658
78.03820962154782
264.6824707864198
69.49965925556853
172.21449454322192
65.71094380174901
59.605921364396465
-54.97775543200703
-94.3783514129172
-166.97852912809867
-0.5630134523279366
-0.006007284912527666
4.156309537660263
0.6571250337053698
0.9375091155515634
0.3909714015304644
-1.0140175522018353
1.3712182856270942
1.4521431654185335
1.8063414137129712
3.001756672444344
83.22970873414056
114.74997647802684
89.63659511367803
50.431918862690964
102.97596655386633
84.96075237800585
70.04665748956859
99.36182141186214
259.730752288282
169.56632725901636
86.55125646002625
59.27496540645859
57.96611130911549
48.21099831398351
68.49165443991336
61.26790291472514
57.1502432992134
44.24881911114545
46.753353087805294
177.91186055001293
-47.90717410918495
-12.295656901759003
33.911240222895685
4.390594034948549
129.35346053998853
14.171044758581843
-45.62446806189064
-20.39150450102153
-55.63656687738859
27.464954361927823
-31.965932730383656
-7.7456007939914
-1.3428769086285115
